      0.00       0.00
    600.00       0.09
   1200.00       0.17
   1800.00       0.26
   2400.00       0.34
   3000.00       0.42
   3600.00       0.50
   4200.00       0.57
   4800.00       0.64
   5400.00       0.71
   6000.00       0.77
   6600.00       0.82
   7200.00       0.87
   7800.00       0.91
   8400.00       0.94
   9000.00       0.97
   9600.00       0.98
  10200.00       1.00
  10800.00       1.00
  11400.00       1.00
  12000.00       0.98
  12600.00       0.97
  13200.00       0.94
  13800.00       0.91
  14400.00       0.87
  15000.00       0.82
  15600.00       0.77
  16200.00       0.71
  16800.00       0.64
  17400.00       0.57
  18000.00       0.50
  18600.00       0.42
  19200.00       0.34
  19800.00       0.26
  20400.00       0.17
  21000.00       0.09
  21600.00       0.00
  22200.00      -0.09
  22800.00      -0.17
  23400.00      -0.26
  24000.00      -0.34
  24600.00      -0.42
  25200.00      -0.50
  25800.00      -0.57
  26400.00      -0.64
  27000.00      -0.71
  27600.00      -0.77
  28200.00      -0.82
  28800.00      -0.87
  29400.00      -0.91
  30000.00      -0.94
  30600.00      -0.97
  31200.00      -0.98
  31800.00      -1.00
  32400.00      -1.00
  33000.00      -1.00
  33600.00      -0.98
  34200.00      -0.97
  34800.00      -0.94
  35400.00      -0.91
  36000.00      -0.87
  36600.00      -0.82
  37200.00      -0.77
  37800.00      -0.71
  38400.00      -0.64
  39000.00      -0.57
  39600.00      -0.50
  40200.00      -0.42
  40800.00      -0.34
  41400.00      -0.26
  42000.00      -0.17
  42600.00      -0.09
  43200.00      -0.00
  43800.00       0.09
  44400.00       0.17
  45000.00       0.26
  45600.00       0.34
  46200.00       0.42
  46800.00       0.50
  47400.00       0.57
  48000.00       0.64
  48600.00       0.71
  49200.00       0.77
  49800.00       0.82
  50400.00       0.87
  51000.00       0.91
  51600.00       0.94
  52200.00       0.97
  52800.00       0.98
  53400.00       1.00
  54000.00       1.00
  54600.00       1.00
  55200.00       0.98
  55800.00       0.97
  56400.00       0.94
  57000.00       0.91
  57600.00       0.87
  58200.00       0.82
  58800.00       0.77
  59400.00       0.71
  60000.00       0.64
  60600.00       0.57
  61200.00       0.50
  61800.00       0.42
  62400.00       0.34
  63000.00       0.26
  63600.00       0.17
  64200.00       0.09
  64800.00       0.00
  65400.00      -0.09
  66000.00      -0.17
  66600.00      -0.26
  67200.00      -0.34
  67800.00      -0.42
  68400.00      -0.50
  69000.00      -0.57
  69600.00      -0.64
  70200.00      -0.71
  70800.00      -0.77
  71400.00      -0.82
  72000.00      -0.87
  72600.00      -0.91
  73200.00      -0.94
  73800.00      -0.97
  74400.00      -0.98
  75000.00      -1.00
  75600.00      -1.00
  76200.00      -1.00
  76800.00      -0.98
  77400.00      -0.97
  78000.00      -0.94
  78600.00      -0.91
  79200.00      -0.87
  79800.00      -0.82
  80400.00      -0.77
  81000.00      -0.71
  81600.00      -0.64
  82200.00      -0.57
  82800.00      -0.50
  83400.00      -0.42
  84000.00      -0.34
  84600.00      -0.26
  85200.00      -0.17
  85800.00      -0.09
  86400.00      -0.00
  87000.00       0.09
  87600.00       0.17
  88200.00       0.26
  88800.00       0.34
  89400.00       0.42
  90000.00       0.50
  90600.00       0.57
  91200.00       0.64
  91800.00       0.71
  92400.00       0.77
  93000.00       0.82
  93600.00       0.87
  94200.00       0.91
  94800.00       0.94
  95400.00       0.97
  96000.00       0.98
  96600.00       1.00
  97200.00       1.00
  97800.00       1.00
  98400.00       0.98
  99000.00       0.97
  99600.00       0.94
 100200.00       0.91
 100800.00       0.87
 101400.00       0.82
 102000.00       0.77
 102600.00       0.71
 103200.00       0.64
 103800.00       0.57
 104400.00       0.50
 105000.00       0.42
 105600.00       0.34
 106200.00       0.26
 106800.00       0.17
 107400.00       0.09
 108000.00       0.00
 108600.00      -0.09
 109200.00      -0.17
 109800.00      -0.26
 110400.00      -0.34
 111000.00      -0.42
 111600.00      -0.50
 112200.00      -0.57
 112800.00      -0.64
 113400.00      -0.71
 114000.00      -0.77
 114600.00      -0.82
 115200.00      -0.87
 115800.00      -0.91
 116400.00      -0.94
 117000.00      -0.97
 117600.00      -0.98
 118200.00      -1.00
 118800.00      -1.00
 119400.00      -1.00
 120000.00      -0.98
 120600.00      -0.97
 121200.00      -0.94
 121800.00      -0.91
 122400.00      -0.87
 123000.00      -0.82
 123600.00      -0.77
 124200.00      -0.71
 124800.00      -0.64
 125400.00      -0.57
 126000.00      -0.50
 126600.00      -0.42
 127200.00      -0.34
 127800.00      -0.26
 128400.00      -0.17
 129000.00      -0.09
 129600.00      -0.00
 130200.00       0.09
 130800.00       0.17
 131400.00       0.26
 132000.00       0.34
 132600.00       0.42
 133200.00       0.50
 133800.00       0.57
 134400.00       0.64
 135000.00       0.71
 135600.00       0.77
 136200.00       0.82
 136800.00       0.87
 137400.00       0.91
 138000.00       0.94
 138600.00       0.97
 139200.00       0.98
 139800.00       1.00
 140400.00       1.00
 141000.00       1.00
 141600.00       0.98
 142200.00       0.97
 142800.00       0.94
 143400.00       0.91
 144000.00       0.87
 144600.00       0.82
 145200.00       0.77
 145800.00       0.71
 146400.00       0.64
 147000.00       0.57
 147600.00       0.50
 148200.00       0.42
 148800.00       0.34
 149400.00       0.26
 150000.00       0.17
 150600.00       0.09
 151200.00       0.00
 151800.00      -0.09
 152400.00      -0.17
 153000.00      -0.26
 153600.00      -0.34
 154200.00      -0.42
 154800.00      -0.50
 155400.00      -0.57
 156000.00      -0.64
 156600.00      -0.71
 157200.00      -0.77
 157800.00      -0.82
 158400.00      -0.87
 159000.00      -0.91
 159600.00      -0.94
 160200.00      -0.97
 160800.00      -0.98
 161400.00      -1.00
 162000.00      -1.00
 162600.00      -1.00
 163200.00      -0.98
 163800.00      -0.97
 164400.00      -0.94
 165000.00      -0.91
 165600.00      -0.87
 166200.00      -0.82
 166800.00      -0.77
 167400.00      -0.71
 168000.00      -0.64
 168600.00      -0.57
 169200.00      -0.50
 169800.00      -0.42
 170400.00      -0.34
 171000.00      -0.26
 171600.00      -0.17
 172200.00      -0.09
 172800.00      -0.00
 173400.00       0.09
 174000.00       0.17
 174600.00       0.26
 175200.00       0.34
 175800.00       0.42
 176400.00       0.50
 177000.00       0.57
 177600.00       0.64
 178200.00       0.71
 178800.00       0.77
 179400.00       0.82
 180000.00       0.87
 180600.00       0.91
 181200.00       0.94
 181800.00       0.97
 182400.00       0.98
 183000.00       1.00
 183600.00       1.00
 184200.00       1.00
 184800.00       0.98
 185400.00       0.97
 186000.00       0.94
 186600.00       0.91
 187200.00       0.87
 187800.00       0.82
 188400.00       0.77
 189000.00       0.71
 189600.00       0.64
 190200.00       0.57
 190800.00       0.50
 191400.00       0.42
 192000.00       0.34
 192600.00       0.26
 193200.00       0.17
 193800.00       0.09
 194400.00       0.00
 195000.00      -0.09
 195600.00      -0.17
 196200.00      -0.26
 196800.00      -0.34
 197400.00      -0.42
 198000.00      -0.50
 198600.00      -0.57
 199200.00      -0.64
 199800.00      -0.71
 200400.00      -0.77
 201000.00      -0.82
 201600.00      -0.87
 202200.00      -0.91
 202800.00      -0.94
 203400.00      -0.97
 204000.00      -0.98
 204600.00      -1.00
 205200.00      -1.00
 205800.00      -1.00
 206400.00      -0.98
 207000.00      -0.97
 207600.00      -0.94
 208200.00      -0.91
 208800.00      -0.87
 209400.00      -0.82
 210000.00      -0.77
 210600.00      -0.71
 211200.00      -0.64
 211800.00      -0.57
 212400.00      -0.50
 213000.00      -0.42
 213600.00      -0.34
 214200.00      -0.26
 214800.00      -0.17
 215400.00      -0.09
 216000.00      -0.00
 216600.00       0.09
 217200.00       0.17
 217800.00       0.26
 218400.00       0.34
 219000.00       0.42
 219600.00       0.50
 220200.00       0.57
 220800.00       0.64
 221400.00       0.71
 222000.00       0.77
 222600.00       0.82
 223200.00       0.87
 223800.00       0.91
 224400.00       0.94
 225000.00       0.97
 225600.00       0.98
 226200.00       1.00
 226800.00       1.00
 227400.00       1.00
 228000.00       0.98
 228600.00       0.97
 229200.00       0.94
 229800.00       0.91
 230400.00       0.87
 231000.00       0.82
 231600.00       0.77
 232200.00       0.71
 232800.00       0.64
 233400.00       0.57
 234000.00       0.50
 234600.00       0.42
 235200.00       0.34
 235800.00       0.26
 236400.00       0.17
 237000.00       0.09
 237600.00       0.00
 238200.00      -0.09
 238800.00      -0.17
 239400.00      -0.26
 240000.00      -0.34
 240600.00      -0.42
 241200.00      -0.50
 241800.00      -0.57
 242400.00      -0.64
 243000.00      -0.71
 243600.00      -0.77
 244200.00      -0.82
 244800.00      -0.87
 245400.00      -0.91
 246000.00      -0.94
 246600.00      -0.97
 247200.00      -0.98
 247800.00      -1.00
 248400.00      -1.00
 249000.00      -1.00
 249600.00      -0.98
 250200.00      -0.97
 250800.00      -0.94
 251400.00      -0.91
 252000.00      -0.87
 252600.00      -0.82
 253200.00      -0.77
 253800.00      -0.71
 254400.00      -0.64
 255000.00      -0.57
 255600.00      -0.50
 256200.00      -0.42
 256800.00      -0.34
 257400.00      -0.26
 258000.00      -0.17
 258600.00      -0.09
 259200.00      -0.00
 259800.00       0.09
 260400.00       0.17
 261000.00       0.26
 261600.00       0.34
 262200.00       0.42
 262800.00       0.50
 263400.00       0.57
 264000.00       0.64
 264600.00       0.71
 265200.00       0.77
 265800.00       0.82
 266400.00       0.87
 267000.00       0.91
 267600.00       0.94
 268200.00       0.97
 268800.00       0.98
 269400.00       1.00
 270000.00       1.00
 270600.00       1.00
 271200.00       0.98
 271800.00       0.97
 272400.00       0.94
 273000.00       0.91
 273600.00       0.87
 274200.00       0.82
 274800.00       0.77
 275400.00       0.71
 276000.00       0.64
 276600.00       0.57
 277200.00       0.50
 277800.00       0.42
 278400.00       0.34
 279000.00       0.26
 279600.00       0.17
 280200.00       0.09
 280800.00      -0.00
 281400.00      -0.09
 282000.00      -0.17
 282600.00      -0.26
 283200.00      -0.34
 283800.00      -0.42
 284400.00      -0.50
 285000.00      -0.57
 285600.00      -0.64
 286200.00      -0.71
 286800.00      -0.77
 287400.00      -0.82
 288000.00      -0.87
 288600.00      -0.91
 289200.00      -0.94
 289800.00      -0.97
 290400.00      -0.98
 291000.00      -1.00
 291600.00      -1.00
 292200.00      -1.00
 292800.00      -0.98
 293400.00      -0.97
 294000.00      -0.94
 294600.00      -0.91
 295200.00      -0.87
 295800.00      -0.82
 296400.00      -0.77
 297000.00      -0.71
 297600.00      -0.64
 298200.00      -0.57
 298800.00      -0.50
 299400.00      -0.42
 300000.00      -0.34
 300600.00      -0.26
 301200.00      -0.17
 301800.00      -0.09
 302400.00      -0.00
 303000.00       0.09
 303600.00       0.17
 304200.00       0.26
 304800.00       0.34
 305400.00       0.42
 306000.00       0.50
 306600.00       0.57
 307200.00       0.64
 307800.00       0.71
 308400.00       0.77
 309000.00       0.82
 309600.00       0.87
 310200.00       0.91
 310800.00       0.94
 311400.00       0.97
 312000.00       0.98
 312600.00       1.00
 313200.00       1.00
 313800.00       1.00
 314400.00       0.98
 315000.00       0.97
 315600.00       0.94
 316200.00       0.91
 316800.00       0.87
 317400.00       0.82
 318000.00       0.77
 318600.00       0.71
 319200.00       0.64
 319800.00       0.57
 320400.00       0.50
 321000.00       0.42
 321600.00       0.34
 322200.00       0.26
 322800.00       0.17
 323400.00       0.09
 324000.00       0.00
 324600.00      -0.09
 325200.00      -0.17
 325800.00      -0.26
 326400.00      -0.34
 327000.00      -0.42
 327600.00      -0.50
 328200.00      -0.57
 328800.00      -0.64
 329400.00      -0.71
 330000.00      -0.77
 330600.00      -0.82
 331200.00      -0.87
 331800.00      -0.91
 332400.00      -0.94
 333000.00      -0.97
 333600.00      -0.98
 334200.00      -1.00
 334800.00      -1.00
 335400.00      -1.00
 336000.00      -0.98
 336600.00      -0.97
 337200.00      -0.94
 337800.00      -0.91
 338400.00      -0.87
 339000.00      -0.82
 339600.00      -0.77
 340200.00      -0.71
 340800.00      -0.64
 341400.00      -0.57
 342000.00      -0.50
 342600.00      -0.42
 343200.00      -0.34
 343800.00      -0.26
 344400.00      -0.17
 345000.00      -0.09
 345600.00      -0.00
 346200.00       0.09
 346800.00       0.17
 347400.00       0.26
 348000.00       0.34
 348600.00       0.42
 349200.00       0.50
 349800.00       0.57
 350400.00       0.64
 351000.00       0.71
 351600.00       0.77
 352200.00       0.82
 352800.00       0.87
 353400.00       0.91
 354000.00       0.94
 354600.00       0.97
 355200.00       0.98
 355800.00       1.00
 356400.00       1.00
 357000.00       1.00
 357600.00       0.98
 358200.00       0.97
 358800.00       0.94
 359400.00       0.91
 360000.00       0.87
 360600.00       0.82
 361200.00       0.77
 361800.00       0.71
 362400.00       0.64
 363000.00       0.57
 363600.00       0.50
 364200.00       0.42
 364800.00       0.34
 365400.00       0.26
 366000.00       0.17
 366600.00       0.09
 367200.00      -0.00
 367800.00      -0.09
 368400.00      -0.17
 369000.00      -0.26
 369600.00      -0.34
 370200.00      -0.42
 370800.00      -0.50
 371400.00      -0.57
 372000.00      -0.64
 372600.00      -0.71
 373200.00      -0.77
 373800.00      -0.82
 374400.00      -0.87
 375000.00      -0.91
 375600.00      -0.94
 376200.00      -0.97
 376800.00      -0.98
 377400.00      -1.00
 378000.00      -1.00
 378600.00      -1.00
 379200.00      -0.98
 379800.00      -0.97
 380400.00      -0.94
 381000.00      -0.91
 381600.00      -0.87
 382200.00      -0.82
 382800.00      -0.77
 383400.00      -0.71
 384000.00      -0.64
 384600.00      -0.57
 385200.00      -0.50
 385800.00      -0.42
 386400.00      -0.34
 387000.00      -0.26
 387600.00      -0.17
 388200.00      -0.09
 388800.00      -0.00
 389400.00       0.09
 390000.00       0.17
 390600.00       0.26
 391200.00       0.34
 391800.00       0.42
 392400.00       0.50
 393000.00       0.57
 393600.00       0.64
 394200.00       0.71
 394800.00       0.77
 395400.00       0.82
 396000.00       0.87
 396600.00       0.91
 397200.00       0.94
 397800.00       0.97
 398400.00       0.98
 399000.00       1.00
 399600.00       1.00
 400200.00       1.00
 400800.00       0.98
 401400.00       0.97
 402000.00       0.94
 402600.00       0.91
 403200.00       0.87
 403800.00       0.82
 404400.00       0.77
 405000.00       0.71
 405600.00       0.64
 406200.00       0.57
 406800.00       0.50
 407400.00       0.42
 408000.00       0.34
 408600.00       0.26
 409200.00       0.17
 409800.00       0.09
 410400.00       0.00
 411000.00      -0.09
 411600.00      -0.17
 412200.00      -0.26
 412800.00      -0.34
 413400.00      -0.42
 414000.00      -0.50
 414600.00      -0.57
 415200.00      -0.64
 415800.00      -0.71
 416400.00      -0.77
 417000.00      -0.82
 417600.00      -0.87
 418200.00      -0.91
 418800.00      -0.94
 419400.00      -0.97
 420000.00      -0.98
 420600.00      -1.00
 421200.00      -1.00
 421800.00      -1.00
 422400.00      -0.98
 423000.00      -0.97
 423600.00      -0.94
 424200.00      -0.91
 424800.00      -0.87
 425400.00      -0.82
 426000.00      -0.77
 426600.00      -0.71
 427200.00      -0.64
 427800.00      -0.57
 428400.00      -0.50
 429000.00      -0.42
 429600.00      -0.34
 430200.00      -0.26
 430800.00      -0.17
 431400.00      -0.09
 432000.00      -0.00
 432600.00       0.09
 433200.00       0.17
 433800.00       0.26
 434400.00       0.34
 435000.00       0.42
 435600.00       0.50
 436200.00       0.57
 436800.00       0.64
 437400.00       0.71
 438000.00       0.77
 438600.00       0.82
 439200.00       0.87
 439800.00       0.91
 440400.00       0.94
 441000.00       0.97
 441600.00       0.98
 442200.00       1.00
 442800.00       1.00
 443400.00       1.00
 444000.00       0.98
 444600.00       0.97
 445200.00       0.94
 445800.00       0.91
 446400.00       0.87
 447000.00       0.82
 447600.00       0.77
 448200.00       0.71
 448800.00       0.64
 449400.00       0.57
 450000.00       0.50
 450600.00       0.42
 451200.00       0.34
 451800.00       0.26
 452400.00       0.17
 453000.00       0.09
 453600.00      -0.00
 454200.00      -0.09
 454800.00      -0.17
 455400.00      -0.26
 456000.00      -0.34
 456600.00      -0.42
 457200.00      -0.50
 457800.00      -0.57
 458400.00      -0.64
 459000.00      -0.71
 459600.00      -0.77
 460200.00      -0.82
 460800.00      -0.87
 461400.00      -0.91
 462000.00      -0.94
 462600.00      -0.97
 463200.00      -0.98
 463800.00      -1.00
 464400.00      -1.00
 465000.00      -1.00
 465600.00      -0.98
 466200.00      -0.97
 466800.00      -0.94
 467400.00      -0.91
 468000.00      -0.87
 468600.00      -0.82
 469200.00      -0.77
 469800.00      -0.71
 470400.00      -0.64
 471000.00      -0.57
 471600.00      -0.50
 472200.00      -0.42
 472800.00      -0.34
 473400.00      -0.26
 474000.00      -0.17
 474600.00      -0.09
 475200.00      -0.00
 475800.00       0.09
 476400.00       0.17
 477000.00       0.26
 477600.00       0.34
 478200.00       0.42
 478800.00       0.50
 479400.00       0.57
 480000.00       0.64
 480600.00       0.71
 481200.00       0.77
 481800.00       0.82
 482400.00       0.87
 483000.00       0.91
 483600.00       0.94
 484200.00       0.97
 484800.00       0.98
 485400.00       1.00
 486000.00       1.00
 486600.00       1.00
 487200.00       0.98
 487800.00       0.97
 488400.00       0.94
 489000.00       0.91
 489600.00       0.87
 490200.00       0.82
 490800.00       0.77
 491400.00       0.71
 492000.00       0.64
 492600.00       0.57
 493200.00       0.50
 493800.00       0.42
 494400.00       0.34
 495000.00       0.26
 495600.00       0.17
 496200.00       0.09
 496800.00       0.00
 497400.00      -0.09
 498000.00      -0.17
 498600.00      -0.26
 499200.00      -0.34
 499800.00      -0.42
 500400.00      -0.50
 501000.00      -0.57
 501600.00      -0.64
 502200.00      -0.71
 502800.00      -0.77
 503400.00      -0.82
 504000.00      -0.87
 504600.00      -0.91
 505200.00      -0.94
 505800.00      -0.97
 506400.00      -0.98
 507000.00      -1.00
 507600.00      -1.00
 508200.00      -1.00
 508800.00      -0.98
 509400.00      -0.97
 510000.00      -0.94
 510600.00      -0.91
 511200.00      -0.87
 511800.00      -0.82
 512400.00      -0.77
 513000.00      -0.71
 513600.00      -0.64
 514200.00      -0.57
 514800.00      -0.50
 515400.00      -0.42
 516000.00      -0.34
 516600.00      -0.26
 517200.00      -0.17
 517800.00      -0.09
 518400.00      -0.00
 519000.00       0.09
 519600.00       0.17
 520200.00       0.26
 520800.00       0.34
 521400.00       0.42
 522000.00       0.50
 522600.00       0.57
 523200.00       0.64
 523800.00       0.71
 524400.00       0.77
 525000.00       0.82
 525600.00       0.87
 526200.00       0.91
 526800.00       0.94
 527400.00       0.97
 528000.00       0.98
 528600.00       1.00
 529200.00       1.00
 529800.00       1.00
 530400.00       0.98
 531000.00       0.97
 531600.00       0.94
 532200.00       0.91
 532800.00       0.87
 533400.00       0.82
 534000.00       0.77
 534600.00       0.71
 535200.00       0.64
 535800.00       0.57
 536400.00       0.50
 537000.00       0.42
 537600.00       0.34
 538200.00       0.26
 538800.00       0.17
 539400.00       0.09
 540000.00      -0.00
 540600.00      -0.09
 541200.00      -0.17
 541800.00      -0.26
 542400.00      -0.34
 543000.00      -0.42
 543600.00      -0.50
 544200.00      -0.57
 544800.00      -0.64
 545400.00      -0.71
 546000.00      -0.77
 546600.00      -0.82
 547200.00      -0.87
 547800.00      -0.91
 548400.00      -0.94
 549000.00      -0.97
 549600.00      -0.98
 550200.00      -1.00
 550800.00      -1.00
 551400.00      -1.00
 552000.00      -0.98
 552600.00      -0.97
 553200.00      -0.94
 553800.00      -0.91
 554400.00      -0.87
 555000.00      -0.82
 555600.00      -0.77
 556200.00      -0.71
 556800.00      -0.64
 557400.00      -0.57
 558000.00      -0.50
 558600.00      -0.42
 559200.00      -0.34
 559800.00      -0.26
 560400.00      -0.17
 561000.00      -0.09
 561600.00       0.00
 562200.00       0.09
 562800.00       0.17
 563400.00       0.26
 564000.00       0.34
 564600.00       0.42
 565200.00       0.50
 565800.00       0.57
 566400.00       0.64
 567000.00       0.71
 567600.00       0.77
 568200.00       0.82
 568800.00       0.87
 569400.00       0.91
 570000.00       0.94
 570600.00       0.97
 571200.00       0.98
 571800.00       1.00
 572400.00       1.00
 573000.00       1.00
 573600.00       0.98
 574200.00       0.97
 574800.00       0.94
 575400.00       0.91
 576000.00       0.87
 576600.00       0.82
 577200.00       0.77
 577800.00       0.71
 578400.00       0.64
 579000.00       0.57
 579600.00       0.50
 580200.00       0.42
 580800.00       0.34
 581400.00       0.26
 582000.00       0.17
 582600.00       0.09
 583200.00       0.00
 583800.00      -0.09
 584400.00      -0.17
 585000.00      -0.26
 585600.00      -0.34
 586200.00      -0.42
 586800.00      -0.50
 587400.00      -0.57
 588000.00      -0.64
 588600.00      -0.71
 589200.00      -0.77
 589800.00      -0.82
 590400.00      -0.87
 591000.00      -0.91
 591600.00      -0.94
 592200.00      -0.97
 592800.00      -0.98
 593400.00      -1.00
 594000.00      -1.00
 594600.00      -1.00
 595200.00      -0.98
 595800.00      -0.97
 596400.00      -0.94
 597000.00      -0.91
 597600.00      -0.87
 598200.00      -0.82
 598800.00      -0.77
 599400.00      -0.71
 600000.00      -0.64
 600600.00      -0.57
 601200.00      -0.50
 601800.00      -0.42
 602400.00      -0.34
 603000.00      -0.26
 603600.00      -0.17
 604200.00      -0.09
 604800.00      -0.00
 605400.00       0.09
 606000.00       0.17
 606600.00       0.26
 607200.00       0.34
 607800.00       0.42
 608400.00       0.50
 609000.00       0.57
 609600.00       0.64
 610200.00       0.71
 610800.00       0.77
 611400.00       0.82
 612000.00       0.87
 612600.00       0.91
 613200.00       0.94
 613800.00       0.97
 614400.00       0.98
 615000.00       1.00
 615600.00       1.00
 616200.00       1.00
 616800.00       0.98
 617400.00       0.97
 618000.00       0.94
 618600.00       0.91
 619200.00       0.87
 619800.00       0.82
 620400.00       0.77
 621000.00       0.71
 621600.00       0.64
 622200.00       0.57
 622800.00       0.50
 623400.00       0.42
 624000.00       0.34
 624600.00       0.26
 625200.00       0.17
 625800.00       0.09
 626400.00      -0.00
 627000.00      -0.09
 627600.00      -0.17
 628200.00      -0.26
 628800.00      -0.34
 629400.00      -0.42
 630000.00      -0.50
 630600.00      -0.57
 631200.00      -0.64
 631800.00      -0.71
 632400.00      -0.77
 633000.00      -0.82
 633600.00      -0.87
 634200.00      -0.91
 634800.00      -0.94
 635400.00      -0.97
 636000.00      -0.98
 636600.00      -1.00
 637200.00      -1.00
 637800.00      -1.00
 638400.00      -0.98
 639000.00      -0.97
 639600.00      -0.94
 640200.00      -0.91
 640800.00      -0.87
 641400.00      -0.82
 642000.00      -0.77
 642600.00      -0.71
 643200.00      -0.64
 643800.00      -0.57
 644400.00      -0.50
 645000.00      -0.42
 645600.00      -0.34
 646200.00      -0.26
 646800.00      -0.17
 647400.00      -0.09
 648000.00      -0.00
 648600.00       0.09
 649200.00       0.17
 649800.00       0.26
 650400.00       0.34
 651000.00       0.42
 651600.00       0.50
 652200.00       0.57
 652800.00       0.64
 653400.00       0.71
 654000.00       0.77
 654600.00       0.82
 655200.00       0.87
 655800.00       0.91
 656400.00       0.94
 657000.00       0.97
 657600.00       0.98
 658200.00       1.00
 658800.00       1.00
 659400.00       1.00
 660000.00       0.98
 660600.00       0.97
 661200.00       0.94
 661800.00       0.91
 662400.00       0.87
 663000.00       0.82
 663600.00       0.77
 664200.00       0.71
 664800.00       0.64
 665400.00       0.57
 666000.00       0.50
 666600.00       0.42
 667200.00       0.34
 667800.00       0.26
 668400.00       0.17
 669000.00       0.09
 669600.00       0.00
 670200.00      -0.09
 670800.00      -0.17
 671400.00      -0.26
 672000.00      -0.34
 672600.00      -0.42
 673200.00      -0.50
 673800.00      -0.57
 674400.00      -0.64
 675000.00      -0.71
 675600.00      -0.77
 676200.00      -0.82
 676800.00      -0.87
 677400.00      -0.91
 678000.00      -0.94
 678600.00      -0.97
 679200.00      -0.98
 679800.00      -1.00
 680400.00      -1.00
 681000.00      -1.00
 681600.00      -0.98
 682200.00      -0.97
 682800.00      -0.94
 683400.00      -0.91
 684000.00      -0.87
 684600.00      -0.82
 685200.00      -0.77
 685800.00      -0.71
 686400.00      -0.64
 687000.00      -0.57
 687600.00      -0.50
 688200.00      -0.42
 688800.00      -0.34
 689400.00      -0.26
 690000.00      -0.17
 690600.00      -0.09
 691200.00      -0.00
 691800.00       0.09
 692400.00       0.17
 693000.00       0.26
 693600.00       0.34
 694200.00       0.42
 694800.00       0.50
 695400.00       0.57
 696000.00       0.64
 696600.00       0.71
 697200.00       0.77
 697800.00       0.82
 698400.00       0.87
 699000.00       0.91
 699600.00       0.94
 700200.00       0.97
 700800.00       0.98
 701400.00       1.00
 702000.00       1.00
 702600.00       1.00
 703200.00       0.98
 703800.00       0.97
 704400.00       0.94
 705000.00       0.91
 705600.00       0.87
 706200.00       0.82
 706800.00       0.77
 707400.00       0.71
 708000.00       0.64
 708600.00       0.57
 709200.00       0.50
 709800.00       0.42
 710400.00       0.34
 711000.00       0.26
 711600.00       0.17
 712200.00       0.09
 712800.00       0.00
 713400.00      -0.09
 714000.00      -0.17
 714600.00      -0.26
 715200.00      -0.34
 715800.00      -0.42
 716400.00      -0.50
 717000.00      -0.57
 717600.00      -0.64
 718200.00      -0.71
 718800.00      -0.77
 719400.00      -0.82
 720000.00      -0.87
 720600.00      -0.91
 721200.00      -0.94
 721800.00      -0.97
 722400.00      -0.98
 723000.00      -1.00
 723600.00      -1.00
 724200.00      -1.00
 724800.00      -0.98
 725400.00      -0.97
 726000.00      -0.94
 726600.00      -0.91
 727200.00      -0.87
 727800.00      -0.82
 728400.00      -0.77
 729000.00      -0.71
 729600.00      -0.64
 730200.00      -0.57
 730800.00      -0.50
 731400.00      -0.42
 732000.00      -0.34
 732600.00      -0.26
 733200.00      -0.17
 733800.00      -0.09
 734400.00       0.00
 735000.00       0.09
 735600.00       0.17
 736200.00       0.26
 736800.00       0.34
 737400.00       0.42
 738000.00       0.50
 738600.00       0.57
 739200.00       0.64
 739800.00       0.71
 740400.00       0.77
 741000.00       0.82
 741600.00       0.87
 742200.00       0.91
 742800.00       0.94
 743400.00       0.97
 744000.00       0.98
 744600.00       1.00
 745200.00       1.00
 745800.00       1.00
 746400.00       0.98
 747000.00       0.97
 747600.00       0.94
 748200.00       0.91
 748800.00       0.87
 749400.00       0.82
 750000.00       0.77
 750600.00       0.71
 751200.00       0.64
 751800.00       0.57
 752400.00       0.50
 753000.00       0.42
 753600.00       0.34
 754200.00       0.26
 754800.00       0.17
 755400.00       0.09
 756000.00       0.00
 756600.00      -0.09
 757200.00      -0.17
 757800.00      -0.26
 758400.00      -0.34
 759000.00      -0.42
 759600.00      -0.50
 760200.00      -0.57
 760800.00      -0.64
 761400.00      -0.71
 762000.00      -0.77
 762600.00      -0.82
 763200.00      -0.87
 763800.00      -0.91
 764400.00      -0.94
 765000.00      -0.97
 765600.00      -0.98
 766200.00      -1.00
 766800.00      -1.00
 767400.00      -1.00
 768000.00      -0.98
 768600.00      -0.97
 769200.00      -0.94
 769800.00      -0.91
 770400.00      -0.87
 771000.00      -0.82
 771600.00      -0.77
 772200.00      -0.71
 772800.00      -0.64
 773400.00      -0.57
 774000.00      -0.50
 774600.00      -0.42
 775200.00      -0.34
 775800.00      -0.26
 776400.00      -0.17
 777000.00      -0.09
 777600.00      -0.00
 778200.00       0.09
 778800.00       0.17
 779400.00       0.26
 780000.00       0.34
 780600.00       0.42
 781200.00       0.50
 781800.00       0.57
 782400.00       0.64
 783000.00       0.71
 783600.00       0.77
 784200.00       0.82
 784800.00       0.87
 785400.00       0.91
 786000.00       0.94
 786600.00       0.97
 787200.00       0.98
 787800.00       1.00
 788400.00       1.00
 789000.00       1.00
 789600.00       0.98
 790200.00       0.97
 790800.00       0.94
 791400.00       0.91
 792000.00       0.87
 792600.00       0.82
 793200.00       0.77
 793800.00       0.71
 794400.00       0.64
 795000.00       0.57
 795600.00       0.50
 796200.00       0.42
 796800.00       0.34
 797400.00       0.26
 798000.00       0.17
 798600.00       0.09
 799200.00       0.00
 799800.00      -0.09
 800400.00      -0.17
 801000.00      -0.26
 801600.00      -0.34
 802200.00      -0.42
 802800.00      -0.50
 803400.00      -0.57
 804000.00      -0.64
 804600.00      -0.71
 805200.00      -0.77
 805800.00      -0.82
 806400.00      -0.87
 807000.00      -0.91
 807600.00      -0.94
 808200.00      -0.97
 808800.00      -0.98
 809400.00      -1.00
 810000.00      -1.00
 810600.00      -1.00
 811200.00      -0.98
 811800.00      -0.97
 812400.00      -0.94
 813000.00      -0.91
 813600.00      -0.87
 814200.00      -0.82
 814800.00      -0.77
 815400.00      -0.71
 816000.00      -0.64
 816600.00      -0.57
 817200.00      -0.50
 817800.00      -0.42
 818400.00      -0.34
 819000.00      -0.26
 819600.00      -0.17
 820200.00      -0.09
 820800.00      -0.00
 821400.00       0.09
 822000.00       0.17
 822600.00       0.26
 823200.00       0.34
 823800.00       0.42
 824400.00       0.50
 825000.00       0.57
 825600.00       0.64
 826200.00       0.71
 826800.00       0.77
 827400.00       0.82
 828000.00       0.87
 828600.00       0.91
 829200.00       0.94
 829800.00       0.97
 830400.00       0.98
 831000.00       1.00
 831600.00       1.00
 832200.00       1.00
 832800.00       0.98
 833400.00       0.97
 834000.00       0.94
 834600.00       0.91
 835200.00       0.87
 835800.00       0.82
 836400.00       0.77
 837000.00       0.71
 837600.00       0.64
 838200.00       0.57
 838800.00       0.50
 839400.00       0.42
 840000.00       0.34
 840600.00       0.26
 841200.00       0.17
 841800.00       0.09
 842400.00       0.00
 843000.00      -0.09
 843600.00      -0.17
 844200.00      -0.26
 844800.00      -0.34
 845400.00      -0.42
 846000.00      -0.50
 846600.00      -0.57
 847200.00      -0.64
 847800.00      -0.71
 848400.00      -0.77
 849000.00      -0.82
 849600.00      -0.87
 850200.00      -0.91
 850800.00      -0.94
 851400.00      -0.97
 852000.00      -0.98
 852600.00      -1.00
 853200.00      -1.00
 853800.00      -1.00
 854400.00      -0.98
 855000.00      -0.97
 855600.00      -0.94
 856200.00      -0.91
 856800.00      -0.87
 857400.00      -0.82
 858000.00      -0.77
 858600.00      -0.71
 859200.00      -0.64
 859800.00      -0.57
 860400.00      -0.50
 861000.00      -0.42
 861600.00      -0.34
 862200.00      -0.26
 862800.00      -0.17
 863400.00      -0.09
 864000.00      -0.00
 864600.00       0.09
 865200.00       0.17
 865800.00       0.26
 866400.00       0.34
 867000.00       0.42
 867600.00       0.50
 868200.00       0.57
 868800.00       0.64
 869400.00       0.71
 870000.00       0.77
 870600.00       0.82
 871200.00       0.87
 871800.00       0.91
 872400.00       0.94
 873000.00       0.97
 873600.00       0.98
 874200.00       1.00
 874800.00       1.00
 875400.00       1.00
 876000.00       0.98
 876600.00       0.97
 877200.00       0.94
 877800.00       0.91
 878400.00       0.87
 879000.00       0.82
 879600.00       0.77
 880200.00       0.71
 880800.00       0.64
 881400.00       0.57
 882000.00       0.50
 882600.00       0.42
 883200.00       0.34
 883800.00       0.26
 884400.00       0.17
 885000.00       0.09
 885600.00       0.00
 886200.00      -0.09
 886800.00      -0.17
 887400.00      -0.26
 888000.00      -0.34
 888600.00      -0.42
 889200.00      -0.50
 889800.00      -0.57
 890400.00      -0.64
 891000.00      -0.71
 891600.00      -0.77
 892200.00      -0.82
 892800.00      -0.87
 893400.00      -0.91
 894000.00      -0.94
 894600.00      -0.97
 895200.00      -0.98
 895800.00      -1.00
 896400.00      -1.00
 897000.00      -1.00
 897600.00      -0.98
 898200.00      -0.97
 898800.00      -0.94
 899400.00      -0.91
 900000.00      -0.87
 900600.00      -0.82
 901200.00      -0.77
 901800.00      -0.71
 902400.00      -0.64
 903000.00      -0.57
 903600.00      -0.50
 904200.00      -0.42
 904800.00      -0.34
 905400.00      -0.26
 906000.00      -0.17
 906600.00      -0.09
 907200.00       0.00
 907800.00       0.09
 908400.00       0.17
 909000.00       0.26
 909600.00       0.34
 910200.00       0.42
 910800.00       0.50
 911400.00       0.57
 912000.00       0.64
 912600.00       0.71
 913200.00       0.77
 913800.00       0.82
 914400.00       0.87
 915000.00       0.91
 915600.00       0.94
 916200.00       0.97
 916800.00       0.98
 917400.00       1.00
 918000.00       1.00
 918600.00       1.00
 919200.00       0.98
 919800.00       0.97
 920400.00       0.94
 921000.00       0.91
 921600.00       0.87
 922200.00       0.82
 922800.00       0.77
 923400.00       0.71
 924000.00       0.64
 924600.00       0.57
 925200.00       0.50
 925800.00       0.42
 926400.00       0.34
 927000.00       0.26
 927600.00       0.17
 928200.00       0.09
 928800.00       0.00
 929400.00      -0.09
 930000.00      -0.17
 930600.00      -0.26
 931200.00      -0.34
 931800.00      -0.42
 932400.00      -0.50
 933000.00      -0.57
 933600.00      -0.64
 934200.00      -0.71
 934800.00      -0.77
 935400.00      -0.82
 936000.00      -0.87
 936600.00      -0.91
 937200.00      -0.94
 937800.00      -0.97
 938400.00      -0.98
 939000.00      -1.00
 939600.00      -1.00
 940200.00      -1.00
 940800.00      -0.98
 941400.00      -0.97
 942000.00      -0.94
 942600.00      -0.91
 943200.00      -0.87
 943800.00      -0.82
 944400.00      -0.77
 945000.00      -0.71
 945600.00      -0.64
 946200.00      -0.57
 946800.00      -0.50
 947400.00      -0.42
 948000.00      -0.34
 948600.00      -0.26
 949200.00      -0.17
 949800.00      -0.09
 950400.00      -0.00
 951000.00       0.09
 951600.00       0.17
 952200.00       0.26
 952800.00       0.34
 953400.00       0.42
 954000.00       0.50
 954600.00       0.57
 955200.00       0.64
 955800.00       0.71
 956400.00       0.77
 957000.00       0.82
 957600.00       0.87
 958200.00       0.91
 958800.00       0.94
 959400.00       0.97
 960000.00       0.98
 960600.00       1.00
 961200.00       1.00
 961800.00       1.00
 962400.00       0.98
 963000.00       0.97
 963600.00       0.94
 964200.00       0.91
 964800.00       0.87
 965400.00       0.82
 966000.00       0.77
 966600.00       0.71
 967200.00       0.64
 967800.00       0.57
 968400.00       0.50
 969000.00       0.42
 969600.00       0.34
 970200.00       0.26
 970800.00       0.17
 971400.00       0.09
 972000.00       0.00
 972600.00      -0.09
 973200.00      -0.17
 973800.00      -0.26
 974400.00      -0.34
 975000.00      -0.42
 975600.00      -0.50
 976200.00      -0.57
 976800.00      -0.64
 977400.00      -0.71
 978000.00      -0.77
 978600.00      -0.82
 979200.00      -0.87
 979800.00      -0.91
 980400.00      -0.94
 981000.00      -0.97
 981600.00      -0.98
 982200.00      -1.00
 982800.00      -1.00
 983400.00      -1.00
 984000.00      -0.98
 984600.00      -0.97
 985200.00      -0.94
 985800.00      -0.91
 986400.00      -0.87
 987000.00      -0.82
 987600.00      -0.77
 988200.00      -0.71
 988800.00      -0.64
 989400.00      -0.57
 990000.00      -0.50
 990600.00      -0.42
 991200.00      -0.34
 991800.00      -0.26
 992400.00      -0.17
 993000.00      -0.09
 993600.00      -0.00
 994200.00       0.09
 994800.00       0.17
 995400.00       0.26
 996000.00       0.34
 996600.00       0.42
 997200.00       0.50
 997800.00       0.57
 998400.00       0.64
 999000.00       0.71
 999600.00       0.77
1000200.00       0.82
1000800.00       0.87
1001400.00       0.91
1002000.00       0.94
1002600.00       0.97
1003200.00       0.98
1003800.00       1.00
1004400.00       1.00
1005000.00       1.00
1005600.00       0.98
1006200.00       0.97
1006800.00       0.94
1007400.00       0.91
1008000.00       0.87
1008600.00       0.82
1009200.00       0.77
1009800.00       0.71
1010400.00       0.64
1011000.00       0.57
1011600.00       0.50
1012200.00       0.42
1012800.00       0.34
1013400.00       0.26
1014000.00       0.17
1014600.00       0.09
1015200.00      -0.00
1015800.00      -0.09
1016400.00      -0.17
1017000.00      -0.26
1017600.00      -0.34
1018200.00      -0.42
1018800.00      -0.50
1019400.00      -0.57
1020000.00      -0.64
1020600.00      -0.71
1021200.00      -0.77
1021800.00      -0.82
1022400.00      -0.87
1023000.00      -0.91
1023600.00      -0.94
1024200.00      -0.97
1024800.00      -0.98
1025400.00      -1.00
1026000.00      -1.00
1026600.00      -1.00
1027200.00      -0.98
1027800.00      -0.97
1028400.00      -0.94
1029000.00      -0.91
1029600.00      -0.87
1030200.00      -0.82
1030800.00      -0.77
1031400.00      -0.71
1032000.00      -0.64
1032600.00      -0.57
1033200.00      -0.50
1033800.00      -0.42
1034400.00      -0.34
1035000.00      -0.26
1035600.00      -0.17
1036200.00      -0.09
1036800.00      -0.00
1037400.00       0.09
1038000.00       0.17
1038600.00       0.26
1039200.00       0.34
1039800.00       0.42
1040400.00       0.50
1041000.00       0.57
1041600.00       0.64
1042200.00       0.71
1042800.00       0.77
1043400.00       0.82
1044000.00       0.87
1044600.00       0.91
1045200.00       0.94
1045800.00       0.97
1046400.00       0.98
1047000.00       1.00
1047600.00       1.00
1048200.00       1.00
1048800.00       0.98
1049400.00       0.97
1050000.00       0.94
1050600.00       0.91
1051200.00       0.87
1051800.00       0.82
1052400.00       0.77
1053000.00       0.71
1053600.00       0.64
1054200.00       0.57
1054800.00       0.50
1055400.00       0.42
1056000.00       0.34
1056600.00       0.26
1057200.00       0.17
1057800.00       0.09
1058400.00       0.00
1059000.00      -0.09
1059600.00      -0.17
1060200.00      -0.26
1060800.00      -0.34
1061400.00      -0.42
1062000.00      -0.50
1062600.00      -0.57
1063200.00      -0.64
1063800.00      -0.71
1064400.00      -0.77
1065000.00      -0.82
1065600.00      -0.87
1066200.00      -0.91
1066800.00      -0.94
1067400.00      -0.97
1068000.00      -0.98
1068600.00      -1.00
1069200.00      -1.00
1069800.00      -1.00
1070400.00      -0.98
1071000.00      -0.97
1071600.00      -0.94
1072200.00      -0.91
1072800.00      -0.87
1073400.00      -0.82
1074000.00      -0.77
1074600.00      -0.71
1075200.00      -0.64
1075800.00      -0.57
1076400.00      -0.50
1077000.00      -0.42
1077600.00      -0.34
1078200.00      -0.26
1078800.00      -0.17
1079400.00      -0.09
1080000.00       0.00
1080600.00       0.09
1081200.00       0.17
1081800.00       0.26
1082400.00       0.34
1083000.00       0.42
1083600.00       0.50
1084200.00       0.57
1084800.00       0.64
1085400.00       0.71
1086000.00       0.77
1086600.00       0.82
1087200.00       0.87
1087800.00       0.91
1088400.00       0.94
1089000.00       0.97
1089600.00       0.98
1090200.00       1.00
1090800.00       1.00
1091400.00       1.00
1092000.00       0.98
1092600.00       0.97
1093200.00       0.94
1093800.00       0.91
1094400.00       0.87
1095000.00       0.82
1095600.00       0.77
1096200.00       0.71
1096800.00       0.64
1097400.00       0.57
1098000.00       0.50
1098600.00       0.42
1099200.00       0.34
1099800.00       0.26
1100400.00       0.17
1101000.00       0.09
1101600.00       0.00
1102200.00      -0.09
1102800.00      -0.17
1103400.00      -0.26
1104000.00      -0.34
1104600.00      -0.42
1105200.00      -0.50
1105800.00      -0.57
1106400.00      -0.64
1107000.00      -0.71
1107600.00      -0.77
1108200.00      -0.82
1108800.00      -0.87
1109400.00      -0.91
1110000.00      -0.94
1110600.00      -0.97
1111200.00      -0.98
1111800.00      -1.00
1112400.00      -1.00
1113000.00      -1.00
1113600.00      -0.98
1114200.00      -0.97
1114800.00      -0.94
1115400.00      -0.91
1116000.00      -0.87
1116600.00      -0.82
1117200.00      -0.77
1117800.00      -0.71
1118400.00      -0.64
1119000.00      -0.57
1119600.00      -0.50
1120200.00      -0.42
1120800.00      -0.34
1121400.00      -0.26
1122000.00      -0.17
1122600.00      -0.09
1123200.00       0.00
1123800.00       0.09
1124400.00       0.17
1125000.00       0.26
1125600.00       0.34
1126200.00       0.42
1126800.00       0.50
1127400.00       0.57
1128000.00       0.64
1128600.00       0.71
1129200.00       0.77
1129800.00       0.82
1130400.00       0.87
1131000.00       0.91
1131600.00       0.94
1132200.00       0.97
1132800.00       0.98
1133400.00       1.00
1134000.00       1.00
1134600.00       1.00
1135200.00       0.98
1135800.00       0.97
1136400.00       0.94
1137000.00       0.91
1137600.00       0.87
1138200.00       0.82
1138800.00       0.77
1139400.00       0.71
1140000.00       0.64
1140600.00       0.57
1141200.00       0.50
1141800.00       0.42
1142400.00       0.34
1143000.00       0.26
1143600.00       0.17
1144200.00       0.09
1144800.00       0.00
1145400.00      -0.09
1146000.00      -0.17
1146600.00      -0.26
1147200.00      -0.34
1147800.00      -0.42
1148400.00      -0.50
1149000.00      -0.57
1149600.00      -0.64
1150200.00      -0.71
1150800.00      -0.77
1151400.00      -0.82
1152000.00      -0.87
1152600.00      -0.91
1153200.00      -0.94
1153800.00      -0.97
1154400.00      -0.98
1155000.00      -1.00
1155600.00      -1.00
1156200.00      -1.00
1156800.00      -0.98
1157400.00      -0.97
1158000.00      -0.94
1158600.00      -0.91
1159200.00      -0.87
1159800.00      -0.82
1160400.00      -0.77
1161000.00      -0.71
1161600.00      -0.64
1162200.00      -0.57
1162800.00      -0.50
1163400.00      -0.42
1164000.00      -0.34
1164600.00      -0.26
1165200.00      -0.17
1165800.00      -0.09
1166400.00      -0.00
1167000.00       0.09
1167600.00       0.17
1168200.00       0.26
1168800.00       0.34
1169400.00       0.42
1170000.00       0.50
1170600.00       0.57
1171200.00       0.64
1171800.00       0.71
1172400.00       0.77
1173000.00       0.82
1173600.00       0.87
1174200.00       0.91
1174800.00       0.94
1175400.00       0.97
1176000.00       0.98
1176600.00       1.00
1177200.00       1.00
1177800.00       1.00
1178400.00       0.98
1179000.00       0.97
1179600.00       0.94
1180200.00       0.91
1180800.00       0.87
1181400.00       0.82
1182000.00       0.77
1182600.00       0.71
1183200.00       0.64
1183800.00       0.57
1184400.00       0.50
1185000.00       0.42
1185600.00       0.34
1186200.00       0.26
1186800.00       0.17
1187400.00       0.09
1188000.00      -0.00
1188600.00      -0.09
1189200.00      -0.17
1189800.00      -0.26
1190400.00      -0.34
1191000.00      -0.42
1191600.00      -0.50
1192200.00      -0.57
1192800.00      -0.64
1193400.00      -0.71
1194000.00      -0.77
1194600.00      -0.82
1195200.00      -0.87
1195800.00      -0.91
1196400.00      -0.94
1197000.00      -0.97
1197600.00      -0.98
1198200.00      -1.00
1198800.00      -1.00
1199400.00      -1.00
1200000.00      -0.98
1200600.00      -0.97
1201200.00      -0.94
1201800.00      -0.91
1202400.00      -0.87
1203000.00      -0.82
1203600.00      -0.77
1204200.00      -0.71
1204800.00      -0.64
1205400.00      -0.57
1206000.00      -0.50
1206600.00      -0.42
1207200.00      -0.34
1207800.00      -0.26
1208400.00      -0.17
1209000.00      -0.09
1209600.00      -0.00
1210200.00       0.09
1210800.00       0.17
1211400.00       0.26
1212000.00       0.34
1212600.00       0.42
1213200.00       0.50
1213800.00       0.57
1214400.00       0.64
1215000.00       0.71
1215600.00       0.77
1216200.00       0.82
1216800.00       0.87
1217400.00       0.91
1218000.00       0.94
1218600.00       0.97
1219200.00       0.98
1219800.00       1.00
1220400.00       1.00
1221000.00       1.00
1221600.00       0.98
1222200.00       0.97
1222800.00       0.94
1223400.00       0.91
1224000.00       0.87
1224600.00       0.82
1225200.00       0.77
1225800.00       0.71
1226400.00       0.64
1227000.00       0.57
1227600.00       0.50
1228200.00       0.42
1228800.00       0.34
1229400.00       0.26
1230000.00       0.17
1230600.00       0.09
1231200.00       0.00
1231800.00      -0.09
1232400.00      -0.17
1233000.00      -0.26
1233600.00      -0.34
1234200.00      -0.42
1234800.00      -0.50
1235400.00      -0.57
1236000.00      -0.64
1236600.00      -0.71
1237200.00      -0.77
1237800.00      -0.82
1238400.00      -0.87
1239000.00      -0.91
1239600.00      -0.94
1240200.00      -0.97
1240800.00      -0.98
1241400.00      -1.00
1242000.00      -1.00
1242600.00      -1.00
1243200.00      -0.98
1243800.00      -0.97
1244400.00      -0.94
1245000.00      -0.91
1245600.00      -0.87
1246200.00      -0.82
1246800.00      -0.77
1247400.00      -0.71
1248000.00      -0.64
1248600.00      -0.57
1249200.00      -0.50
1249800.00      -0.42
1250400.00      -0.34
1251000.00      -0.26
1251600.00      -0.17
1252200.00      -0.09
1252800.00       0.00
1253400.00       0.09
1254000.00       0.17
1254600.00       0.26
1255200.00       0.34
1255800.00       0.42
1256400.00       0.50
1257000.00       0.57
1257600.00       0.64
1258200.00       0.71
1258800.00       0.77
1259400.00       0.82
1260000.00       0.87
1260600.00       0.91
1261200.00       0.94
1261800.00       0.97
1262400.00       0.98
1263000.00       1.00
1263600.00       1.00
1264200.00       1.00
1264800.00       0.98
1265400.00       0.97
1266000.00       0.94
1266600.00       0.91
1267200.00       0.87
1267800.00       0.82
1268400.00       0.77
1269000.00       0.71
1269600.00       0.64
1270200.00       0.57
1270800.00       0.50
1271400.00       0.42
1272000.00       0.34
1272600.00       0.26
1273200.00       0.17
1273800.00       0.09
1274400.00       0.00
1275000.00      -0.09
1275600.00      -0.17
1276200.00      -0.26
1276800.00      -0.34
1277400.00      -0.42
1278000.00      -0.50
1278600.00      -0.57
1279200.00      -0.64
1279800.00      -0.71
1280400.00      -0.77
1281000.00      -0.82
1281600.00      -0.87
1282200.00      -0.91
1282800.00      -0.94
1283400.00      -0.97
1284000.00      -0.98
1284600.00      -1.00
1285200.00      -1.00
1285800.00      -1.00
1286400.00      -0.98
1287000.00      -0.97
1287600.00      -0.94
1288200.00      -0.91
1288800.00      -0.87
1289400.00      -0.82
1290000.00      -0.77
1290600.00      -0.71
1291200.00      -0.64
1291800.00      -0.57
1292400.00      -0.50
1293000.00      -0.42
1293600.00      -0.34
1294200.00      -0.26
1294800.00      -0.17
1295400.00      -0.09
1296000.00      -0.00
1296600.00       0.09
1297200.00       0.17
1297800.00       0.26
1298400.00       0.34
1299000.00       0.42
1299600.00       0.50
1300200.00       0.57
1300800.00       0.64
1301400.00       0.71
1302000.00       0.77
1302600.00       0.82
1303200.00       0.87
1303800.00       0.91
1304400.00       0.94
1305000.00       0.97
1305600.00       0.98
1306200.00       1.00
1306800.00       1.00
1307400.00       1.00
1308000.00       0.98
1308600.00       0.97
1309200.00       0.94
1309800.00       0.91
1310400.00       0.87
1311000.00       0.82
1311600.00       0.77
1312200.00       0.71
1312800.00       0.64
1313400.00       0.57
1314000.00       0.50
1314600.00       0.42
1315200.00       0.34
1315800.00       0.26
1316400.00       0.17
1317000.00       0.09
1317600.00       0.00
1318200.00      -0.09
1318800.00      -0.17
1319400.00      -0.26
1320000.00      -0.34
1320600.00      -0.42
1321200.00      -0.50
1321800.00      -0.57
1322400.00      -0.64
1323000.00      -0.71
1323600.00      -0.77
1324200.00      -0.82
1324800.00      -0.87
1325400.00      -0.91
1326000.00      -0.94
1326600.00      -0.97
1327200.00      -0.98
1327800.00      -1.00
1328400.00      -1.00
1329000.00      -1.00
1329600.00      -0.98
1330200.00      -0.97
1330800.00      -0.94
1331400.00      -0.91
1332000.00      -0.87
1332600.00      -0.82
1333200.00      -0.77
1333800.00      -0.71
1334400.00      -0.64
1335000.00      -0.57
1335600.00      -0.50
1336200.00      -0.42
1336800.00      -0.34
1337400.00      -0.26
1338000.00      -0.17
1338600.00      -0.09
1339200.00      -0.00
1339800.00       0.09
1340400.00       0.17
1341000.00       0.26
1341600.00       0.34
1342200.00       0.42
1342800.00       0.50
1343400.00       0.57
1344000.00       0.64
1344600.00       0.71
1345200.00       0.77
1345800.00       0.82
1346400.00       0.87
1347000.00       0.91
1347600.00       0.94
1348200.00       0.97
1348800.00       0.98
1349400.00       1.00
1350000.00       1.00
1350600.00       1.00
1351200.00       0.98
1351800.00       0.97
1352400.00       0.94
1353000.00       0.91
1353600.00       0.87
1354200.00       0.82
1354800.00       0.77
1355400.00       0.71
1356000.00       0.64
1356600.00       0.57
1357200.00       0.50
1357800.00       0.42
1358400.00       0.34
1359000.00       0.26
1359600.00       0.17
1360200.00       0.09
1360800.00      -0.00
1361400.00      -0.09
1362000.00      -0.17
1362600.00      -0.26
1363200.00      -0.34
1363800.00      -0.42
1364400.00      -0.50
1365000.00      -0.57
1365600.00      -0.64
1366200.00      -0.71
1366800.00      -0.77
1367400.00      -0.82
1368000.00      -0.87
1368600.00      -0.91
1369200.00      -0.94
1369800.00      -0.97
1370400.00      -0.98
1371000.00      -1.00
1371600.00      -1.00
1372200.00      -1.00
1372800.00      -0.98
1373400.00      -0.97
1374000.00      -0.94
1374600.00      -0.91
1375200.00      -0.87
1375800.00      -0.82
1376400.00      -0.77
1377000.00      -0.71
1377600.00      -0.64
1378200.00      -0.57
1378800.00      -0.50
1379400.00      -0.42
1380000.00      -0.34
1380600.00      -0.26
1381200.00      -0.17
1381800.00      -0.09
1382400.00      -0.00
1383000.00       0.09
1383600.00       0.17
1384200.00       0.26
1384800.00       0.34
1385400.00       0.42
1386000.00       0.50
1386600.00       0.57
1387200.00       0.64
1387800.00       0.71
1388400.00       0.77
1389000.00       0.82
1389600.00       0.87
1390200.00       0.91
1390800.00       0.94
1391400.00       0.97
1392000.00       0.98
1392600.00       1.00
1393200.00       1.00
1393800.00       1.00
1394400.00       0.98
1395000.00       0.97
1395600.00       0.94
1396200.00       0.91
1396800.00       0.87
1397400.00       0.82
1398000.00       0.77
1398600.00       0.71
1399200.00       0.64
1399800.00       0.57
1400400.00       0.50
1401000.00       0.42
1401600.00       0.34
1402200.00       0.26
1402800.00       0.17
1403400.00       0.09
1404000.00       0.00
1404600.00      -0.09
1405200.00      -0.17
1405800.00      -0.26
1406400.00      -0.34
1407000.00      -0.42
1407600.00      -0.50
1408200.00      -0.57
1408800.00      -0.64
1409400.00      -0.71
1410000.00      -0.77
1410600.00      -0.82
1411200.00      -0.87
1411800.00      -0.91
1412400.00      -0.94
1413000.00      -0.97
1413600.00      -0.98
1414200.00      -1.00
1414800.00      -1.00
1415400.00      -1.00
1416000.00      -0.98
1416600.00      -0.97
1417200.00      -0.94
1417800.00      -0.91
1418400.00      -0.87
1419000.00      -0.82
1419600.00      -0.77
1420200.00      -0.71
1420800.00      -0.64
1421400.00      -0.57
1422000.00      -0.50
1422600.00      -0.42
1423200.00      -0.34
1423800.00      -0.26
1424400.00      -0.17
1425000.00      -0.09
1425600.00      -0.00
1426200.00       0.09
1426800.00       0.17
1427400.00       0.26
1428000.00       0.34
1428600.00       0.42
1429200.00       0.50
1429800.00       0.57
1430400.00       0.64
1431000.00       0.71
1431600.00       0.77
1432200.00       0.82
1432800.00       0.87
1433400.00       0.91
1434000.00       0.94
1434600.00       0.97
1435200.00       0.98
1435800.00       1.00
1436400.00       1.00
1437000.00       1.00
1437600.00       0.98
1438200.00       0.97
1438800.00       0.94
1439400.00       0.91
1440000.00       0.87
1440600.00       0.82
1441200.00       0.77
1441800.00       0.71
1442400.00       0.64
1443000.00       0.57
1443600.00       0.50
1444200.00       0.42
1444800.00       0.34
1445400.00       0.26
1446000.00       0.17
1446600.00       0.09
1447200.00       0.00
1447800.00      -0.09
1448400.00      -0.17
1449000.00      -0.26
1449600.00      -0.34
1450200.00      -0.42
1450800.00      -0.50
1451400.00      -0.57
1452000.00      -0.64
1452600.00      -0.71
1453200.00      -0.77
1453800.00      -0.82
1454400.00      -0.87
1455000.00      -0.91
1455600.00      -0.94
1456200.00      -0.97
1456800.00      -0.98
1457400.00      -1.00
1458000.00      -1.00
1458600.00      -1.00
1459200.00      -0.98
1459800.00      -0.97
1460400.00      -0.94
1461000.00      -0.91
1461600.00      -0.87
1462200.00      -0.82
1462800.00      -0.77
1463400.00      -0.71
1464000.00      -0.64
1464600.00      -0.57
1465200.00      -0.50
1465800.00      -0.42
1466400.00      -0.34
1467000.00      -0.26
1467600.00      -0.17
1468200.00      -0.09
1468800.00       0.00
1469400.00       0.09
1470000.00       0.17
1470600.00       0.26
1471200.00       0.34
1471800.00       0.42
1472400.00       0.50
1473000.00       0.57
1473600.00       0.64
1474200.00       0.71
1474800.00       0.77
1475400.00       0.82
1476000.00       0.87
1476600.00       0.91
1477200.00       0.94
1477800.00       0.97
1478400.00       0.98
1479000.00       1.00
1479600.00       1.00
1480200.00       1.00
1480800.00       0.98
1481400.00       0.97
1482000.00       0.94
1482600.00       0.91
1483200.00       0.87
1483800.00       0.82
1484400.00       0.77
1485000.00       0.71
1485600.00       0.64
1486200.00       0.57
1486800.00       0.50
1487400.00       0.42
1488000.00       0.34
1488600.00       0.26
1489200.00       0.17
1489800.00       0.09
1490400.00       0.00
1491000.00      -0.09
1491600.00      -0.17
1492200.00      -0.26
1492800.00      -0.34
1493400.00      -0.42
1494000.00      -0.50
1494600.00      -0.57
1495200.00      -0.64
1495800.00      -0.71
1496400.00      -0.77
1497000.00      -0.82
1497600.00      -0.87
1498200.00      -0.91
1498800.00      -0.94
1499400.00      -0.97
1500000.00      -0.98
1500600.00      -1.00
1501200.00      -1.00
1501800.00      -1.00
1502400.00      -0.98
1503000.00      -0.97
1503600.00      -0.94
1504200.00      -0.91
1504800.00      -0.87
1505400.00      -0.82
1506000.00      -0.77
1506600.00      -0.71
1507200.00      -0.64
1507800.00      -0.57
1508400.00      -0.50
1509000.00      -0.42
1509600.00      -0.34
1510200.00      -0.26
1510800.00      -0.17
1511400.00      -0.09
1512000.00      -0.00
1512600.00       0.09
1513200.00       0.17
1513800.00       0.26
1514400.00       0.34
1515000.00       0.42
1515600.00       0.50
1516200.00       0.57
1516800.00       0.64
1517400.00       0.71
1518000.00       0.77
1518600.00       0.82
1519200.00       0.87
1519800.00       0.91
1520400.00       0.94
1521000.00       0.97
1521600.00       0.98
1522200.00       1.00
1522800.00       1.00
1523400.00       1.00
1524000.00       0.98
1524600.00       0.97
1525200.00       0.94
1525800.00       0.91
1526400.00       0.87
1527000.00       0.82
1527600.00       0.77
1528200.00       0.71
1528800.00       0.64
1529400.00       0.57
1530000.00       0.50
1530600.00       0.42
1531200.00       0.34
1531800.00       0.26
1532400.00       0.17
1533000.00       0.09
1533600.00      -0.00
1534200.00      -0.09
1534800.00      -0.17
1535400.00      -0.26
1536000.00      -0.34
1536600.00      -0.42
1537200.00      -0.50
1537800.00      -0.57
1538400.00      -0.64
1539000.00      -0.71
1539600.00      -0.77
1540200.00      -0.82
1540800.00      -0.87
1541400.00      -0.91
1542000.00      -0.94
1542600.00      -0.97
1543200.00      -0.98
1543800.00      -1.00
1544400.00      -1.00
1545000.00      -1.00
1545600.00      -0.98
1546200.00      -0.97
1546800.00      -0.94
1547400.00      -0.91
1548000.00      -0.87
1548600.00      -0.82
1549200.00      -0.77
1549800.00      -0.71
1550400.00      -0.64
1551000.00      -0.57
1551600.00      -0.50
1552200.00      -0.42
1552800.00      -0.34
1553400.00      -0.26
1554000.00      -0.17
1554600.00      -0.09
1555200.00      -0.00
1555800.00       0.09
1556400.00       0.17
1557000.00       0.26
1557600.00       0.34
1558200.00       0.42
1558800.00       0.50
1559400.00       0.57
1560000.00       0.64
1560600.00       0.71
1561200.00       0.77
1561800.00       0.82
1562400.00       0.87
1563000.00       0.91
1563600.00       0.94
1564200.00       0.97
1564800.00       0.98
1565400.00       1.00
1566000.00       1.00
1566600.00       1.00
1567200.00       0.98
1567800.00       0.97
1568400.00       0.94
1569000.00       0.91
1569600.00       0.87
1570200.00       0.82
1570800.00       0.77
1571400.00       0.71
1572000.00       0.64
1572600.00       0.57
1573200.00       0.50
1573800.00       0.42
1574400.00       0.34
1575000.00       0.26
1575600.00       0.17
1576200.00       0.09
1576800.00       0.00
1577400.00      -0.09
1578000.00      -0.17
1578600.00      -0.26
1579200.00      -0.34
1579800.00      -0.42
1580400.00      -0.50
1581000.00      -0.57
1581600.00      -0.64
1582200.00      -0.71
1582800.00      -0.77
1583400.00      -0.82
1584000.00      -0.87
1584600.00      -0.91
1585200.00      -0.94
1585800.00      -0.97
1586400.00      -0.98
1587000.00      -1.00
1587600.00      -1.00
1588200.00      -1.00
1588800.00      -0.98
1589400.00      -0.97
1590000.00      -0.94
1590600.00      -0.91
1591200.00      -0.87
1591800.00      -0.82
1592400.00      -0.77
1593000.00      -0.71
1593600.00      -0.64
1594200.00      -0.57
1594800.00      -0.50
1595400.00      -0.42
1596000.00      -0.34
1596600.00      -0.26
1597200.00      -0.17
1597800.00      -0.09
1598400.00      -0.00
1599000.00       0.09
1599600.00       0.17
1600200.00       0.26
1600800.00       0.34
1601400.00       0.42
1602000.00       0.50
1602600.00       0.57
1603200.00       0.64
1603800.00       0.71
1604400.00       0.77
1605000.00       0.82
1605600.00       0.87
1606200.00       0.91
1606800.00       0.94
1607400.00       0.97
1608000.00       0.98
1608600.00       1.00
1609200.00       1.00
1609800.00       1.00
1610400.00       0.98
1611000.00       0.97
1611600.00       0.94
1612200.00       0.91
1612800.00       0.87
1613400.00       0.82
1614000.00       0.77
1614600.00       0.71
1615200.00       0.64
1615800.00       0.57
1616400.00       0.50
1617000.00       0.42
1617600.00       0.34
1618200.00       0.26
1618800.00       0.17
1619400.00       0.09
1620000.00       0.00
1620600.00      -0.09
1621200.00      -0.17
1621800.00      -0.26
1622400.00      -0.34
1623000.00      -0.42
1623600.00      -0.50
1624200.00      -0.57
1624800.00      -0.64
1625400.00      -0.71
1626000.00      -0.77
1626600.00      -0.82
1627200.00      -0.87
1627800.00      -0.91
1628400.00      -0.94
1629000.00      -0.97
1629600.00      -0.98
1630200.00      -1.00
1630800.00      -1.00
1631400.00      -1.00
1632000.00      -0.98
1632600.00      -0.97
1633200.00      -0.94
1633800.00      -0.91
1634400.00      -0.87
1635000.00      -0.82
1635600.00      -0.77
1636200.00      -0.71
1636800.00      -0.64
1637400.00      -0.57
1638000.00      -0.50
1638600.00      -0.42
1639200.00      -0.34
1639800.00      -0.26
1640400.00      -0.17
1641000.00      -0.09
1641600.00      -0.00
1642200.00       0.09
1642800.00       0.17
1643400.00       0.26
1644000.00       0.34
1644600.00       0.42
1645200.00       0.50
1645800.00       0.57
1646400.00       0.64
1647000.00       0.71
1647600.00       0.77
1648200.00       0.82
1648800.00       0.87
1649400.00       0.91
1650000.00       0.94
1650600.00       0.97
1651200.00       0.98
1651800.00       1.00
1652400.00       1.00
1653000.00       1.00
1653600.00       0.98
1654200.00       0.97
1654800.00       0.94
1655400.00       0.91
1656000.00       0.87
1656600.00       0.82
1657200.00       0.77
1657800.00       0.71
1658400.00       0.64
1659000.00       0.57
1659600.00       0.50
1660200.00       0.42
1660800.00       0.34
1661400.00       0.26
1662000.00       0.17
1662600.00       0.09
1663200.00       0.00
1663800.00      -0.09
1664400.00      -0.17
1665000.00      -0.26
1665600.00      -0.34
1666200.00      -0.42
1666800.00      -0.50
1667400.00      -0.57
1668000.00      -0.64
1668600.00      -0.71
1669200.00      -0.77
1669800.00      -0.82
1670400.00      -0.87
1671000.00      -0.91
1671600.00      -0.94
1672200.00      -0.97
1672800.00      -0.98
1673400.00      -1.00
1674000.00      -1.00
1674600.00      -1.00
1675200.00      -0.98
1675800.00      -0.97
1676400.00      -0.94
1677000.00      -0.91
1677600.00      -0.87
1678200.00      -0.82
1678800.00      -0.77
1679400.00      -0.71
1680000.00      -0.64
1680600.00      -0.57
1681200.00      -0.50
1681800.00      -0.42
1682400.00      -0.34
1683000.00      -0.26
1683600.00      -0.17
1684200.00      -0.09
1684800.00      -0.00
1685400.00       0.09
1686000.00       0.17
1686600.00       0.26
1687200.00       0.34
1687800.00       0.42
1688400.00       0.50
1689000.00       0.57
1689600.00       0.64
1690200.00       0.71
1690800.00       0.77
1691400.00       0.82
1692000.00       0.87
1692600.00       0.91
1693200.00       0.94
1693800.00       0.97
1694400.00       0.98
1695000.00       1.00
1695600.00       1.00
1696200.00       1.00
1696800.00       0.98
1697400.00       0.97
1698000.00       0.94
1698600.00       0.91
1699200.00       0.87
1699800.00       0.82
1700400.00       0.77
1701000.00       0.71
1701600.00       0.64
1702200.00       0.57
1702800.00       0.50
1703400.00       0.42
1704000.00       0.34
1704600.00       0.26
1705200.00       0.17
1705800.00       0.09
1706400.00      -0.00
1707000.00      -0.09
1707600.00      -0.17
1708200.00      -0.26
1708800.00      -0.34
1709400.00      -0.42
1710000.00      -0.50
1710600.00      -0.57
1711200.00      -0.64
1711800.00      -0.71
1712400.00      -0.77
1713000.00      -0.82
1713600.00      -0.87
1714200.00      -0.91
1714800.00      -0.94
1715400.00      -0.97
1716000.00      -0.98
1716600.00      -1.00
1717200.00      -1.00
1717800.00      -1.00
1718400.00      -0.98
1719000.00      -0.97
1719600.00      -0.94
1720200.00      -0.91
1720800.00      -0.87
1721400.00      -0.82
1722000.00      -0.77
1722600.00      -0.71
1723200.00      -0.64
1723800.00      -0.57
1724400.00      -0.50
1725000.00      -0.42
1725600.00      -0.34
1726200.00      -0.26
1726800.00      -0.17
1727400.00      -0.09
1728000.00      -0.00
1728600.00       0.09
1729200.00       0.17
1729800.00       0.26
1730400.00       0.34
1731000.00       0.42
1731600.00       0.50
1732200.00       0.57
1732800.00       0.64
1733400.00       0.71
1734000.00       0.77
1734600.00       0.82
1735200.00       0.87
1735800.00       0.91
1736400.00       0.94
1737000.00       0.97
1737600.00       0.98
1738200.00       1.00
1738800.00       1.00
1739400.00       1.00
1740000.00       0.98
1740600.00       0.97
1741200.00       0.94
1741800.00       0.91
1742400.00       0.87
1743000.00       0.82
1743600.00       0.77
1744200.00       0.71
1744800.00       0.64
1745400.00       0.57
1746000.00       0.50
1746600.00       0.42
1747200.00       0.34
1747800.00       0.26
1748400.00       0.17
1749000.00       0.09
1749600.00       0.00
1750200.00      -0.09
1750800.00      -0.17
1751400.00      -0.26
1752000.00      -0.34
1752600.00      -0.42
1753200.00      -0.50
1753800.00      -0.57
1754400.00      -0.64
1755000.00      -0.71
1755600.00      -0.77
1756200.00      -0.82
1756800.00      -0.87
1757400.00      -0.91
1758000.00      -0.94
1758600.00      -0.97
1759200.00      -0.98
1759800.00      -1.00
1760400.00      -1.00
1761000.00      -1.00
1761600.00      -0.98
1762200.00      -0.97
1762800.00      -0.94
1763400.00      -0.91
1764000.00      -0.87
1764600.00      -0.82
1765200.00      -0.77
1765800.00      -0.71
1766400.00      -0.64
1767000.00      -0.57
1767600.00      -0.50
1768200.00      -0.42
1768800.00      -0.34
1769400.00      -0.26
1770000.00      -0.17
1770600.00      -0.09
1771200.00      -0.00
1771800.00       0.09
1772400.00       0.17
1773000.00       0.26
1773600.00       0.34
1774200.00       0.42
1774800.00       0.50
1775400.00       0.57
1776000.00       0.64
1776600.00       0.71
1777200.00       0.77
1777800.00       0.82
1778400.00       0.87
1779000.00       0.91
1779600.00       0.94
1780200.00       0.97
1780800.00       0.98
1781400.00       1.00
1782000.00       1.00
1782600.00       1.00
1783200.00       0.98
1783800.00       0.97
1784400.00       0.94
1785000.00       0.91
1785600.00       0.87
1786200.00       0.82
1786800.00       0.77
1787400.00       0.71
1788000.00       0.64
1788600.00       0.57
1789200.00       0.50
1789800.00       0.42
1790400.00       0.34
1791000.00       0.26
1791600.00       0.17
1792200.00       0.09
1792800.00      -0.00
1793400.00      -0.09
1794000.00      -0.17
1794600.00      -0.26
1795200.00      -0.34
1795800.00      -0.42
1796400.00      -0.50
1797000.00      -0.57
1797600.00      -0.64
1798200.00      -0.71
1798800.00      -0.77
1799400.00      -0.82
1800000.00      -0.87
1800600.00      -0.91
1801200.00      -0.94
1801800.00      -0.97
1802400.00      -0.98
1803000.00      -1.00
1803600.00      -1.00
1804200.00      -1.00
1804800.00      -0.98
1805400.00      -0.97
1806000.00      -0.94
1806600.00      -0.91
1807200.00      -0.87
1807800.00      -0.82
1808400.00      -0.77
1809000.00      -0.71
1809600.00      -0.64
1810200.00      -0.57
1810800.00      -0.50
1811400.00      -0.42
1812000.00      -0.34
1812600.00      -0.26
1813200.00      -0.17
1813800.00      -0.09
1814400.00       0.00
1815000.00       0.09
1815600.00       0.17
1816200.00       0.26
1816800.00       0.34
1817400.00       0.42
1818000.00       0.50
1818600.00       0.57
1819200.00       0.64
1819800.00       0.71
1820400.00       0.77
1821000.00       0.82
1821600.00       0.87
1822200.00       0.91
1822800.00       0.94
1823400.00       0.97
1824000.00       0.98
1824600.00       1.00
1825200.00       1.00
1825800.00       1.00
1826400.00       0.98
1827000.00       0.97
1827600.00       0.94
1828200.00       0.91
1828800.00       0.87
1829400.00       0.82
1830000.00       0.77
1830600.00       0.71
1831200.00       0.64
1831800.00       0.57
1832400.00       0.50
1833000.00       0.42
1833600.00       0.34
1834200.00       0.26
1834800.00       0.17
1835400.00       0.09
1836000.00       0.00
1836600.00      -0.09
1837200.00      -0.17
1837800.00      -0.26
1838400.00      -0.34
1839000.00      -0.42
1839600.00      -0.50
1840200.00      -0.57
1840800.00      -0.64
1841400.00      -0.71
1842000.00      -0.77
1842600.00      -0.82
1843200.00      -0.87
1843800.00      -0.91
1844400.00      -0.94
1845000.00      -0.97
1845600.00      -0.98
1846200.00      -1.00
1846800.00      -1.00
1847400.00      -1.00
1848000.00      -0.98
1848600.00      -0.97
1849200.00      -0.94
1849800.00      -0.91
1850400.00      -0.87
1851000.00      -0.82
1851600.00      -0.77
1852200.00      -0.71
1852800.00      -0.64
1853400.00      -0.57
1854000.00      -0.50
1854600.00      -0.42
1855200.00      -0.34
1855800.00      -0.26
1856400.00      -0.17
1857000.00      -0.09
1857600.00      -0.00
1858200.00       0.09
1858800.00       0.17
1859400.00       0.26
1860000.00       0.34
1860600.00       0.42
1861200.00       0.50
1861800.00       0.57
1862400.00       0.64
1863000.00       0.71
1863600.00       0.77
1864200.00       0.82
1864800.00       0.87
1865400.00       0.91
1866000.00       0.94
1866600.00       0.97
1867200.00       0.98
1867800.00       1.00
1868400.00       1.00
1869000.00       1.00
1869600.00       0.98
1870200.00       0.97
1870800.00       0.94
1871400.00       0.91
1872000.00       0.87
1872600.00       0.82
1873200.00       0.77
1873800.00       0.71
1874400.00       0.64
1875000.00       0.57
1875600.00       0.50
1876200.00       0.42
1876800.00       0.34
1877400.00       0.26
1878000.00       0.17
1878600.00       0.09
1879200.00       0.00
1879800.00      -0.09
1880400.00      -0.17
1881000.00      -0.26
1881600.00      -0.34
1882200.00      -0.42
1882800.00      -0.50
1883400.00      -0.57
1884000.00      -0.64
1884600.00      -0.71
1885200.00      -0.77
1885800.00      -0.82
1886400.00      -0.87
1887000.00      -0.91
1887600.00      -0.94
1888200.00      -0.97
1888800.00      -0.98
1889400.00      -1.00
1890000.00      -1.00
1890600.00      -1.00
1891200.00      -0.98
1891800.00      -0.97
1892400.00      -0.94
1893000.00      -0.91
1893600.00      -0.87
1894200.00      -0.82
1894800.00      -0.77
1895400.00      -0.71
1896000.00      -0.64
1896600.00      -0.57
1897200.00      -0.50
1897800.00      -0.42
1898400.00      -0.34
1899000.00      -0.26
1899600.00      -0.17
1900200.00      -0.09
1900800.00      -0.00
1901400.00       0.09
1902000.00       0.17
1902600.00       0.26
1903200.00       0.34
1903800.00       0.42
1904400.00       0.50
1905000.00       0.57
1905600.00       0.64
1906200.00       0.71
1906800.00       0.77
1907400.00       0.82
1908000.00       0.87
1908600.00       0.91
1909200.00       0.94
1909800.00       0.97
1910400.00       0.98
1911000.00       1.00
1911600.00       1.00
1912200.00       1.00
1912800.00       0.98
1913400.00       0.97
1914000.00       0.94
1914600.00       0.91
1915200.00       0.87
1915800.00       0.82
1916400.00       0.77
1917000.00       0.71
1917600.00       0.64
1918200.00       0.57
1918800.00       0.50
1919400.00       0.42
1920000.00       0.34
1920600.00       0.26
1921200.00       0.17
1921800.00       0.09
1922400.00      -0.00
1923000.00      -0.09
1923600.00      -0.17
1924200.00      -0.26
1924800.00      -0.34
1925400.00      -0.42
1926000.00      -0.50
1926600.00      -0.57
1927200.00      -0.64
1927800.00      -0.71
1928400.00      -0.77
1929000.00      -0.82
1929600.00      -0.87
1930200.00      -0.91
1930800.00      -0.94
1931400.00      -0.97
1932000.00      -0.98
1932600.00      -1.00
1933200.00      -1.00
1933800.00      -1.00
1934400.00      -0.98
1935000.00      -0.97
1935600.00      -0.94
1936200.00      -0.91
1936800.00      -0.87
1937400.00      -0.82
1938000.00      -0.77
1938600.00      -0.71
1939200.00      -0.64
1939800.00      -0.57
1940400.00      -0.50
1941000.00      -0.42
1941600.00      -0.34
1942200.00      -0.26
1942800.00      -0.17
1943400.00      -0.09
1944000.00      -0.00
1944600.00       0.09
1945200.00       0.17
1945800.00       0.26
1946400.00       0.34
1947000.00       0.42
1947600.00       0.50
1948200.00       0.57
1948800.00       0.64
1949400.00       0.71
1950000.00       0.77
1950600.00       0.82
1951200.00       0.87
1951800.00       0.91
1952400.00       0.94
1953000.00       0.97
1953600.00       0.98
1954200.00       1.00
1954800.00       1.00
1955400.00       1.00
1956000.00       0.98
1956600.00       0.97
1957200.00       0.94
1957800.00       0.91
1958400.00       0.87
1959000.00       0.82
1959600.00       0.77
1960200.00       0.71
1960800.00       0.64
1961400.00       0.57
1962000.00       0.50
1962600.00       0.42
1963200.00       0.34
1963800.00       0.26
1964400.00       0.17
1965000.00       0.09
1965600.00       0.00
1966200.00      -0.09
1966800.00      -0.17
1967400.00      -0.26
1968000.00      -0.34
1968600.00      -0.42
1969200.00      -0.50
1969800.00      -0.57
1970400.00      -0.64
1971000.00      -0.71
1971600.00      -0.77
1972200.00      -0.82
1972800.00      -0.87
1973400.00      -0.91
1974000.00      -0.94
1974600.00      -0.97
1975200.00      -0.98
1975800.00      -1.00
1976400.00      -1.00
1977000.00      -1.00
1977600.00      -0.98
1978200.00      -0.97
1978800.00      -0.94
1979400.00      -0.91
1980000.00      -0.87
1980600.00      -0.82
1981200.00      -0.77
1981800.00      -0.71
1982400.00      -0.64
1983000.00      -0.57
1983600.00      -0.50
1984200.00      -0.42
1984800.00      -0.34
1985400.00      -0.26
1986000.00      -0.17
1986600.00      -0.09
1987200.00      -0.00
1987800.00       0.09
1988400.00       0.17
1989000.00       0.26
1989600.00       0.34
1990200.00       0.42
1990800.00       0.50
1991400.00       0.57
1992000.00       0.64
1992600.00       0.71
1993200.00       0.77
1993800.00       0.82
1994400.00       0.87
1995000.00       0.91
1995600.00       0.94
1996200.00       0.97
1996800.00       0.98
1997400.00       1.00
1998000.00       1.00
1998600.00       1.00
1999200.00       0.98
1999800.00       0.97
2000400.00       0.94
2001000.00       0.91
2001600.00       0.87
2002200.00       0.82
2002800.00       0.77
2003400.00       0.71
2004000.00       0.64
2004600.00       0.57
2005200.00       0.50
2005800.00       0.42
2006400.00       0.34
2007000.00       0.26
2007600.00       0.17
2008200.00       0.09
2008800.00       0.00
2009400.00      -0.09
2010000.00      -0.17
2010600.00      -0.26
2011200.00      -0.34
2011800.00      -0.42
2012400.00      -0.50
2013000.00      -0.57
2013600.00      -0.64
2014200.00      -0.71
2014800.00      -0.77
2015400.00      -0.82
2016000.00      -0.87
2016600.00      -0.91
2017200.00      -0.94
2017800.00      -0.97
2018400.00      -0.98
2019000.00      -1.00
2019600.00      -1.00
2020200.00      -1.00
2020800.00      -0.98
2021400.00      -0.97
2022000.00      -0.94
2022600.00      -0.91
2023200.00      -0.87
2023800.00      -0.82
2024400.00      -0.77
2025000.00      -0.71
2025600.00      -0.64
2026200.00      -0.57
2026800.00      -0.50
2027400.00      -0.42
2028000.00      -0.34
2028600.00      -0.26
2029200.00      -0.17
2029800.00      -0.09
2030400.00       0.00
2031000.00       0.09
2031600.00       0.17
2032200.00       0.26
2032800.00       0.34
2033400.00       0.42
2034000.00       0.50
2034600.00       0.57
2035200.00       0.64
2035800.00       0.71
2036400.00       0.77
2037000.00       0.82
2037600.00       0.87
2038200.00       0.91
2038800.00       0.94
2039400.00       0.97
2040000.00       0.98
2040600.00       1.00
2041200.00       1.00
2041800.00       1.00
2042400.00       0.98
2043000.00       0.97
2043600.00       0.94
2044200.00       0.91
2044800.00       0.87
2045400.00       0.82
2046000.00       0.77
2046600.00       0.71
2047200.00       0.64
2047800.00       0.57
2048400.00       0.50
2049000.00       0.42
2049600.00       0.34
2050200.00       0.26
2050800.00       0.17
2051400.00       0.09
2052000.00       0.00
2052600.00      -0.09
2053200.00      -0.17
2053800.00      -0.26
2054400.00      -0.34
2055000.00      -0.42
2055600.00      -0.50
2056200.00      -0.57
2056800.00      -0.64
2057400.00      -0.71
2058000.00      -0.77
2058600.00      -0.82
2059200.00      -0.87
2059800.00      -0.91
2060400.00      -0.94
2061000.00      -0.97
2061600.00      -0.98
2062200.00      -1.00
2062800.00      -1.00
2063400.00      -1.00
2064000.00      -0.98
2064600.00      -0.97
2065200.00      -0.94
2065800.00      -0.91
2066400.00      -0.87
2067000.00      -0.82
2067600.00      -0.77
2068200.00      -0.71
2068800.00      -0.64
2069400.00      -0.57
2070000.00      -0.50
2070600.00      -0.42
2071200.00      -0.34
2071800.00      -0.26
2072400.00      -0.17
2073000.00      -0.09
2073600.00      -0.00
2074200.00       0.09
2074800.00       0.17
2075400.00       0.26
2076000.00       0.34
2076600.00       0.42
2077200.00       0.50
2077800.00       0.57
2078400.00       0.64
2079000.00       0.71
2079600.00       0.77
2080200.00       0.82
2080800.00       0.87
2081400.00       0.91
2082000.00       0.94
2082600.00       0.97
2083200.00       0.98
2083800.00       1.00
2084400.00       1.00
2085000.00       1.00
2085600.00       0.98
2086200.00       0.97
2086800.00       0.94
2087400.00       0.91
2088000.00       0.87
2088600.00       0.82
2089200.00       0.77
2089800.00       0.71
2090400.00       0.64
2091000.00       0.57
2091600.00       0.50
2092200.00       0.42
2092800.00       0.34
2093400.00       0.26
2094000.00       0.17
2094600.00       0.09
2095200.00       0.00
2095800.00      -0.09
2096400.00      -0.17
2097000.00      -0.26
2097600.00      -0.34
2098200.00      -0.42
2098800.00      -0.50
2099400.00      -0.57
2100000.00      -0.64
2100600.00      -0.71
2101200.00      -0.77
2101800.00      -0.82
2102400.00      -0.87
2103000.00      -0.91
2103600.00      -0.94
2104200.00      -0.97
2104800.00      -0.98
2105400.00      -1.00
2106000.00      -1.00
2106600.00      -1.00
2107200.00      -0.98
2107800.00      -0.97
2108400.00      -0.94
2109000.00      -0.91
2109600.00      -0.87
2110200.00      -0.82
2110800.00      -0.77
2111400.00      -0.71
2112000.00      -0.64
2112600.00      -0.57
2113200.00      -0.50
2113800.00      -0.42
2114400.00      -0.34
2115000.00      -0.26
2115600.00      -0.17
2116200.00      -0.09
2116800.00      -0.00
2117400.00       0.09
2118000.00       0.17
2118600.00       0.26
2119200.00       0.34
2119800.00       0.42
2120400.00       0.50
2121000.00       0.57
2121600.00       0.64
2122200.00       0.71
2122800.00       0.77
2123400.00       0.82
2124000.00       0.87
2124600.00       0.91
2125200.00       0.94
2125800.00       0.97
2126400.00       0.98
2127000.00       1.00
2127600.00       1.00
2128200.00       1.00
2128800.00       0.98
2129400.00       0.97
2130000.00       0.94
2130600.00       0.91
2131200.00       0.87
2131800.00       0.82
2132400.00       0.77
2133000.00       0.71
2133600.00       0.64
2134200.00       0.57
2134800.00       0.50
2135400.00       0.42
2136000.00       0.34
2136600.00       0.26
2137200.00       0.17
2137800.00       0.09
2138400.00      -0.00
2139000.00      -0.09
2139600.00      -0.17
2140200.00      -0.26
2140800.00      -0.34
2141400.00      -0.42
2142000.00      -0.50
2142600.00      -0.57
2143200.00      -0.64
2143800.00      -0.71
2144400.00      -0.77
2145000.00      -0.82
2145600.00      -0.87
2146200.00      -0.91
2146800.00      -0.94
2147400.00      -0.97
2148000.00      -0.98
2148600.00      -1.00
2149200.00      -1.00
2149800.00      -1.00
2150400.00      -0.98
2151000.00      -0.97
2151600.00      -0.94
2152200.00      -0.91
2152800.00      -0.87
2153400.00      -0.82
2154000.00      -0.77
2154600.00      -0.71
2155200.00      -0.64
2155800.00      -0.57
2156400.00      -0.50
2157000.00      -0.42
2157600.00      -0.34
2158200.00      -0.26
2158800.00      -0.17
2159400.00      -0.09
2160000.00       0.00
2160600.00       0.09
2161200.00       0.17
2161800.00       0.26
2162400.00       0.34
2163000.00       0.42
2163600.00       0.50
2164200.00       0.57
2164800.00       0.64
2165400.00       0.71
2166000.00       0.77
2166600.00       0.82
2167200.00       0.87
2167800.00       0.91
2168400.00       0.94
2169000.00       0.97
2169600.00       0.98
2170200.00       1.00
2170800.00       1.00
2171400.00       1.00
2172000.00       0.98
2172600.00       0.97
2173200.00       0.94
2173800.00       0.91
2174400.00       0.87
2175000.00       0.82
2175600.00       0.77
2176200.00       0.71
2176800.00       0.64
2177400.00       0.57
2178000.00       0.50
2178600.00       0.42
2179200.00       0.34
2179800.00       0.26
2180400.00       0.17
2181000.00       0.09
2181600.00       0.00
2182200.00      -0.09
2182800.00      -0.17
2183400.00      -0.26
2184000.00      -0.34
2184600.00      -0.42
2185200.00      -0.50
2185800.00      -0.57
2186400.00      -0.64
2187000.00      -0.71
2187600.00      -0.77
2188200.00      -0.82
2188800.00      -0.87
2189400.00      -0.91
2190000.00      -0.94
2190600.00      -0.97
2191200.00      -0.98
2191800.00      -1.00
2192400.00      -1.00
2193000.00      -1.00
2193600.00      -0.98
2194200.00      -0.97
2194800.00      -0.94
2195400.00      -0.91
2196000.00      -0.87
2196600.00      -0.82
2197200.00      -0.77
2197800.00      -0.71
2198400.00      -0.64
2199000.00      -0.57
2199600.00      -0.50
2200200.00      -0.42
2200800.00      -0.34
2201400.00      -0.26
2202000.00      -0.17
2202600.00      -0.09
2203200.00      -0.00
2203800.00       0.09
2204400.00       0.17
2205000.00       0.26
2205600.00       0.34
2206200.00       0.42
2206800.00       0.50
2207400.00       0.57
2208000.00       0.64
2208600.00       0.71
2209200.00       0.77
2209800.00       0.82
2210400.00       0.87
2211000.00       0.91
2211600.00       0.94
2212200.00       0.97
2212800.00       0.98
2213400.00       1.00
2214000.00       1.00
2214600.00       1.00
2215200.00       0.98
2215800.00       0.97
2216400.00       0.94
2217000.00       0.91
2217600.00       0.87
2218200.00       0.82
2218800.00       0.77
2219400.00       0.71
2220000.00       0.64
2220600.00       0.57
2221200.00       0.50
2221800.00       0.42
2222400.00       0.34
2223000.00       0.26
2223600.00       0.17
2224200.00       0.09
2224800.00       0.00
2225400.00      -0.09
2226000.00      -0.17
2226600.00      -0.26
2227200.00      -0.34
2227800.00      -0.42
2228400.00      -0.50
2229000.00      -0.57
2229600.00      -0.64
2230200.00      -0.71
2230800.00      -0.77
2231400.00      -0.82
2232000.00      -0.87
2232600.00      -0.91
2233200.00      -0.94
2233800.00      -0.97
2234400.00      -0.98
2235000.00      -1.00
2235600.00      -1.00
2236200.00      -1.00
2236800.00      -0.98
2237400.00      -0.97
2238000.00      -0.94
2238600.00      -0.91
2239200.00      -0.87
2239800.00      -0.82
2240400.00      -0.77
2241000.00      -0.71
2241600.00      -0.64
2242200.00      -0.57
2242800.00      -0.50
2243400.00      -0.42
2244000.00      -0.34
2244600.00      -0.26
2245200.00      -0.17
2245800.00      -0.09
2246400.00       0.00
2247000.00       0.09
2247600.00       0.17
2248200.00       0.26
2248800.00       0.34
2249400.00       0.42
2250000.00       0.50
2250600.00       0.57
2251200.00       0.64
2251800.00       0.71
2252400.00       0.77
2253000.00       0.82
2253600.00       0.87
2254200.00       0.91
2254800.00       0.94
2255400.00       0.97
2256000.00       0.98
2256600.00       1.00
2257200.00       1.00
2257800.00       1.00
2258400.00       0.98
2259000.00       0.97
2259600.00       0.94
2260200.00       0.91
2260800.00       0.87
2261400.00       0.82
2262000.00       0.77
2262600.00       0.71
2263200.00       0.64
2263800.00       0.57
2264400.00       0.50
2265000.00       0.42
2265600.00       0.34
2266200.00       0.26
2266800.00       0.17
2267400.00       0.09
2268000.00      -0.00
2268600.00      -0.09
2269200.00      -0.17
2269800.00      -0.26
2270400.00      -0.34
2271000.00      -0.42
2271600.00      -0.50
2272200.00      -0.57
2272800.00      -0.64
2273400.00      -0.71
2274000.00      -0.77
2274600.00      -0.82
2275200.00      -0.87
2275800.00      -0.91
2276400.00      -0.94
2277000.00      -0.97
2277600.00      -0.98
2278200.00      -1.00
2278800.00      -1.00
2279400.00      -1.00
2280000.00      -0.98
2280600.00      -0.97
2281200.00      -0.94
2281800.00      -0.91
2282400.00      -0.87
2283000.00      -0.82
2283600.00      -0.77
2284200.00      -0.71
2284800.00      -0.64
2285400.00      -0.57
2286000.00      -0.50
2286600.00      -0.42
2287200.00      -0.34
2287800.00      -0.26
2288400.00      -0.17
2289000.00      -0.09
2289600.00      -0.00
2290200.00       0.09
2290800.00       0.17
2291400.00       0.26
2292000.00       0.34
2292600.00       0.42
2293200.00       0.50
2293800.00       0.57
2294400.00       0.64
2295000.00       0.71
2295600.00       0.77
2296200.00       0.82
2296800.00       0.87
2297400.00       0.91
2298000.00       0.94
2298600.00       0.97
2299200.00       0.98
2299800.00       1.00
2300400.00       1.00
2301000.00       1.00
2301600.00       0.98
2302200.00       0.97
2302800.00       0.94
2303400.00       0.91
2304000.00       0.87
2304600.00       0.82
2305200.00       0.77
2305800.00       0.71
2306400.00       0.64
2307000.00       0.57
2307600.00       0.50
2308200.00       0.42
2308800.00       0.34
2309400.00       0.26
2310000.00       0.17
2310600.00       0.09
2311200.00       0.00
2311800.00      -0.09
2312400.00      -0.17
2313000.00      -0.26
2313600.00      -0.34
2314200.00      -0.42
2314800.00      -0.50
2315400.00      -0.57
2316000.00      -0.64
2316600.00      -0.71
2317200.00      -0.77
2317800.00      -0.82
2318400.00      -0.87
2319000.00      -0.91
2319600.00      -0.94
2320200.00      -0.97
2320800.00      -0.98
2321400.00      -1.00
2322000.00      -1.00
2322600.00      -1.00
2323200.00      -0.98
2323800.00      -0.97
2324400.00      -0.94
2325000.00      -0.91
2325600.00      -0.87
2326200.00      -0.82
2326800.00      -0.77
2327400.00      -0.71
2328000.00      -0.64
2328600.00      -0.57
2329200.00      -0.50
2329800.00      -0.42
2330400.00      -0.34
2331000.00      -0.26
2331600.00      -0.17
2332200.00      -0.09
2332800.00      -0.00
2333400.00       0.09
2334000.00       0.17
2334600.00       0.26
2335200.00       0.34
2335800.00       0.42
2336400.00       0.50
2337000.00       0.57
2337600.00       0.64
2338200.00       0.71
2338800.00       0.77
2339400.00       0.82
2340000.00       0.87
2340600.00       0.91
2341200.00       0.94
2341800.00       0.97
2342400.00       0.98
2343000.00       1.00
2343600.00       1.00
2344200.00       1.00
2344800.00       0.98
2345400.00       0.97
2346000.00       0.94
2346600.00       0.91
2347200.00       0.87
2347800.00       0.82
2348400.00       0.77
2349000.00       0.71
2349600.00       0.64
2350200.00       0.57
2350800.00       0.50
2351400.00       0.42
2352000.00       0.34
2352600.00       0.26
2353200.00       0.17
2353800.00       0.09
2354400.00       0.00
2355000.00      -0.09
2355600.00      -0.17
2356200.00      -0.26
2356800.00      -0.34
2357400.00      -0.42
2358000.00      -0.50
2358600.00      -0.57
2359200.00      -0.64
2359800.00      -0.71
2360400.00      -0.77
2361000.00      -0.82
2361600.00      -0.87
2362200.00      -0.91
2362800.00      -0.94
2363400.00      -0.97
2364000.00      -0.98
2364600.00      -1.00
2365200.00      -1.00
2365800.00      -1.00
2366400.00      -0.98
2367000.00      -0.97
2367600.00      -0.94
2368200.00      -0.91
2368800.00      -0.87
2369400.00      -0.82
2370000.00      -0.77
2370600.00      -0.71
2371200.00      -0.64
2371800.00      -0.57
2372400.00      -0.50
2373000.00      -0.42
2373600.00      -0.34
2374200.00      -0.26
2374800.00      -0.17
2375400.00      -0.09
2376000.00       0.00
2376600.00       0.09
2377200.00       0.17
2377800.00       0.26
2378400.00       0.34
2379000.00       0.42
2379600.00       0.50
2380200.00       0.57
2380800.00       0.64
2381400.00       0.71
2382000.00       0.77
2382600.00       0.82
2383200.00       0.87
2383800.00       0.91
2384400.00       0.94
2385000.00       0.97
2385600.00       0.98
2386200.00       1.00
2386800.00       1.00
2387400.00       1.00
2388000.00       0.98
2388600.00       0.97
2389200.00       0.94
2389800.00       0.91
2390400.00       0.87
2391000.00       0.82
2391600.00       0.77
2392200.00       0.71
2392800.00       0.64
2393400.00       0.57
2394000.00       0.50
2394600.00       0.42
2395200.00       0.34
2395800.00       0.26
2396400.00       0.17
2397000.00       0.09
2397600.00       0.00
2398200.00      -0.09
2398800.00      -0.17
2399400.00      -0.26
2400000.00      -0.34
2400600.00      -0.42
2401200.00      -0.50
2401800.00      -0.57
2402400.00      -0.64
2403000.00      -0.71
2403600.00      -0.77
2404200.00      -0.82
2404800.00      -0.87
2405400.00      -0.91
2406000.00      -0.94
2406600.00      -0.97
2407200.00      -0.98
2407800.00      -1.00
2408400.00      -1.00
2409000.00      -1.00
2409600.00      -0.98
2410200.00      -0.97
2410800.00      -0.94
2411400.00      -0.91
2412000.00      -0.87
2412600.00      -0.82
2413200.00      -0.77
2413800.00      -0.71
2414400.00      -0.64
2415000.00      -0.57
2415600.00      -0.50
2416200.00      -0.42
2416800.00      -0.34
2417400.00      -0.26
2418000.00      -0.17
2418600.00      -0.09
2419200.00      -0.00
2419800.00       0.09
2420400.00       0.17
2421000.00       0.26
2421600.00       0.34
2422200.00       0.42
2422800.00       0.50
2423400.00       0.57
2424000.00       0.64
2424600.00       0.71
2425200.00       0.77
2425800.00       0.82
2426400.00       0.87
2427000.00       0.91
2427600.00       0.94
2428200.00       0.97
2428800.00       0.98
2429400.00       1.00
2430000.00       1.00
2430600.00       1.00
2431200.00       0.98
2431800.00       0.97
2432400.00       0.94
2433000.00       0.91
2433600.00       0.87
2434200.00       0.82
2434800.00       0.77
2435400.00       0.71
2436000.00       0.64
2436600.00       0.57
2437200.00       0.50
2437800.00       0.42
2438400.00       0.34
2439000.00       0.26
2439600.00       0.17
2440200.00       0.09
2440800.00       0.00
2441400.00      -0.09
2442000.00      -0.17
2442600.00      -0.26
2443200.00      -0.34
2443800.00      -0.42
2444400.00      -0.50
2445000.00      -0.57
2445600.00      -0.64
2446200.00      -0.71
2446800.00      -0.77
2447400.00      -0.82
2448000.00      -0.87
2448600.00      -0.91
2449200.00      -0.94
2449800.00      -0.97
2450400.00      -0.98
2451000.00      -1.00
2451600.00      -1.00
2452200.00      -1.00
2452800.00      -0.98
2453400.00      -0.97
2454000.00      -0.94
2454600.00      -0.91
2455200.00      -0.87
2455800.00      -0.82
2456400.00      -0.77
2457000.00      -0.71
2457600.00      -0.64
2458200.00      -0.57
2458800.00      -0.50
2459400.00      -0.42
2460000.00      -0.34
2460600.00      -0.26
2461200.00      -0.17
2461800.00      -0.09
2462400.00      -0.00
2463000.00       0.09
2463600.00       0.17
2464200.00       0.26
2464800.00       0.34
2465400.00       0.42
2466000.00       0.50
2466600.00       0.57
2467200.00       0.64
2467800.00       0.71
2468400.00       0.77
2469000.00       0.82
2469600.00       0.87
2470200.00       0.91
2470800.00       0.94
2471400.00       0.97
2472000.00       0.98
2472600.00       1.00
2473200.00       1.00
2473800.00       1.00
2474400.00       0.98
2475000.00       0.97
2475600.00       0.94
2476200.00       0.91
2476800.00       0.87
2477400.00       0.82
2478000.00       0.77
2478600.00       0.71
2479200.00       0.64
2479800.00       0.57
2480400.00       0.50
2481000.00       0.42
2481600.00       0.34
2482200.00       0.26
2482800.00       0.17
2483400.00       0.09
2484000.00      -0.00
2484600.00      -0.09
2485200.00      -0.17
2485800.00      -0.26
2486400.00      -0.34
2487000.00      -0.42
2487600.00      -0.50
2488200.00      -0.57
2488800.00      -0.64
2489400.00      -0.71
2490000.00      -0.77
2490600.00      -0.82
2491200.00      -0.87
2491800.00      -0.91
2492400.00      -0.94
2493000.00      -0.97
2493600.00      -0.98
2494200.00      -1.00
2494800.00      -1.00
2495400.00      -1.00
2496000.00      -0.98
2496600.00      -0.97
2497200.00      -0.94
2497800.00      -0.91
2498400.00      -0.87
2499000.00      -0.82
2499600.00      -0.77
2500200.00      -0.71
2500800.00      -0.64
2501400.00      -0.57
2502000.00      -0.50
2502600.00      -0.42
2503200.00      -0.34
2503800.00      -0.26
2504400.00      -0.17
2505000.00      -0.09
2505600.00       0.00
2506200.00       0.09
2506800.00       0.17
2507400.00       0.26
2508000.00       0.34
2508600.00       0.42
2509200.00       0.50
2509800.00       0.57
2510400.00       0.64
2511000.00       0.71
2511600.00       0.77
2512200.00       0.82
2512800.00       0.87
2513400.00       0.91
2514000.00       0.94
2514600.00       0.97
2515200.00       0.98
2515800.00       1.00
2516400.00       1.00
2517000.00       1.00
2517600.00       0.98
2518200.00       0.97
2518800.00       0.94
2519400.00       0.91
2520000.00       0.87
2520600.00       0.82
2521200.00       0.77
2521800.00       0.71
2522400.00       0.64
2523000.00       0.57
2523600.00       0.50
2524200.00       0.42
2524800.00       0.34
2525400.00       0.26
2526000.00       0.17
2526600.00       0.09
2527200.00       0.00
2527800.00      -0.09
2528400.00      -0.17
2529000.00      -0.26
2529600.00      -0.34
2530200.00      -0.42
2530800.00      -0.50
2531400.00      -0.57
2532000.00      -0.64
2532600.00      -0.71
2533200.00      -0.77
2533800.00      -0.82
2534400.00      -0.87
2535000.00      -0.91
2535600.00      -0.94
2536200.00      -0.97
2536800.00      -0.98
2537400.00      -1.00
2538000.00      -1.00
2538600.00      -1.00
2539200.00      -0.98
2539800.00      -0.97
2540400.00      -0.94
2541000.00      -0.91
2541600.00      -0.87
2542200.00      -0.82
2542800.00      -0.77
2543400.00      -0.71
2544000.00      -0.64
2544600.00      -0.57
2545200.00      -0.50
2545800.00      -0.42
2546400.00      -0.34
2547000.00      -0.26
2547600.00      -0.17
2548200.00      -0.09
2548800.00      -0.00
2549400.00       0.09
2550000.00       0.17
2550600.00       0.26
2551200.00       0.34
2551800.00       0.42
2552400.00       0.50
2553000.00       0.57
2553600.00       0.64
2554200.00       0.71
2554800.00       0.77
2555400.00       0.82
2556000.00       0.87
2556600.00       0.91
2557200.00       0.94
2557800.00       0.97
2558400.00       0.98
2559000.00       1.00
2559600.00       1.00
2560200.00       1.00
2560800.00       0.98
2561400.00       0.97
2562000.00       0.94
2562600.00       0.91
2563200.00       0.87
2563800.00       0.82
2564400.00       0.77
2565000.00       0.71
2565600.00       0.64
2566200.00       0.57
2566800.00       0.50
2567400.00       0.42
2568000.00       0.34
2568600.00       0.26
2569200.00       0.17
2569800.00       0.09
2570400.00       0.00
2571000.00      -0.09
2571600.00      -0.17
2572200.00      -0.26
2572800.00      -0.34
2573400.00      -0.42
2574000.00      -0.50
2574600.00      -0.57
2575200.00      -0.64
2575800.00      -0.71
2576400.00      -0.77
2577000.00      -0.82
2577600.00      -0.87
2578200.00      -0.91
2578800.00      -0.94
2579400.00      -0.97
2580000.00      -0.98
2580600.00      -1.00
2581200.00      -1.00
2581800.00      -1.00
2582400.00      -0.98
2583000.00      -0.97
2583600.00      -0.94
2584200.00      -0.91
2584800.00      -0.87
2585400.00      -0.82
2586000.00      -0.77
2586600.00      -0.71
2587200.00      -0.64
2587800.00      -0.57
2588400.00      -0.50
2589000.00      -0.42
2589600.00      -0.34
2590200.00      -0.26
2590800.00      -0.17
2591400.00      -0.09
2592000.00      -0.00
